{"hitboxes":[{"Bone":"spine_03","Parrent":"spine_02","Position":{"X":2.73,"Y":-0.21,"Z":0},"Rotation":{"X":0,"Y":0,"Z":0},"Size":{"X":0.25,"Y":0.32,"Z":0.42},"ConstrainLocal1":{"M11":1.0000001,"M12":-1.4901165E-08,"M13":-7.121151E-08,"M14":-0,"M21":1.3411046E-07,"M22":1,"M23":7.987486E-09,"M24":-0,"M31":3.5201875E-08,"M32":3.453316E-08,"M33":1.0000001,"M34":-0,"M41":5.002488E-22,"M42":4.9074575E-22,"M43":1.4210856E-14,"M44":1.0000001},"ConstrainLocal2":{"M11":0.9988236,"M12":0.04849077,"M13":2.7993465E-07,"M14":0,"M21":-0.04849077,"M22":0.99882364,"M23":-3.784029E-07,"M24":0,"M31":-2.5037733E-07,"M32":4.2963174E-07,"M33":0.99999994,"M34":0,"M41":0.20029283,"M42":0.04663101,"M43":3.0314652E-08,"M44":0.99999994},"savedRigidBodyMatrix":{"M11":2.3841858E-07,"M12":0.9863454,"M13":-0.1646899,"M14":0,"M21":2.3841858E-07,"M22":-0.16469002,"M23":-0.9863454,"M24":0,"M31":-1,"M32":2.3841858E-07,"M33":-2.3841858E-07,"M34":0,"M41":1.6929604E-07,"M42":1.4275718,"M43":-0.03740008,"M44":1},"AngularLowerLimit":{"X":0,"Y":0,"Z":-2},"AngularUpperLimit":{"X":0,"Y":0,"Z":2}},{"Bone":"hand_r","Parrent":"lowerarm_r","Position":{"X":-8.13,"Y":-1.32,"Z":0.33},"Rotation":{"X":0,"Y":0,"Z":0},"Size":{"X":0.215,"Y":0.085,"Z":0.135},"ConstrainLocal1":{"M11":1,"M12":-7.636845E-08,"M13":5.9604638E-08,"M14":-0,"M21":8.381903E-08,"M22":1,"M23":1.4901165E-08,"M24":0,"M31":2.9802319E-08,"M32":-3.725292E-09,"M33":0.9999999,"M34":-0,"M41":2.9802312E-08,"M42":-1.1920929E-07,"M43":7.4505797E-09,"M44":1},"ConstrainLocal2":{"M11":0.9990225,"M12":-0.007193327,"M13":-0.043614723,"M14":0,"M21":-0.040684447,"M22":0.23618537,"M23":-0.97085595,"M24":0,"M31":0.01728484,"M32":0.9716813,"M33":0.23566186,"M34":0,"M41":-0.23502922,"M42":0.0006739497,"M43":0.0171386,"M44":0.99999994},"savedRigidBodyMatrix":{"M11":0.6874753,"M12":0.5760532,"M13":-0.4421995,"M14":0,"M21":-0.6143567,"M22":0.7860209,"M23":0.068825886,"M24":0,"M31":0.38722542,"M32":0.22435217,"M33":0.8942721,"M34":0,"M41":-0.61296535,"M42":1.0603287,"M43":0.034643568,"M44":1},"AngularLowerLimit":{"X":-10,"Y":-10,"Z":-10},"AngularUpperLimit":{"X":10,"Y":10,"Z":10}},{"Bone":"spine_02","Parrent":"spine_01","Position":{"X":-3.885,"Y":-4.32,"Z":0},"Rotation":{"X":0,"Y":0,"Z":0},"Size":{"X":0.195,"Y":0.245,"Z":0.395},"ConstrainLocal1":{"M11":1,"M12":2.1139602E-15,"M13":4.748333E-08,"M14":-0,"M21":7.4505815E-09,"M22":1.0000001,"M23":2.0728168E-08,"M24":0,"M31":9.38204E-11,"M32":4.4520053E-08,"M33":1,"M34":-0,"M41":-0,"M42":0,"M43":-0,"M44":1},"ConstrainLocal2":{"M11":0.97002673,"M12":0.24299827,"M13":-5.705072E-08,"M14":0,"M21":-0.24299827,"M22":0.97002673,"M23":1.3970305E-07,"M24":0,"M31":3.4108048E-08,"M32":-7.1197974E-08,"M33":1,"M34":0,"M41":0.16156578,"M42":0.014866054,"M43":3.055112E-08,"M44":1},"savedRigidBodyMatrix":{"M11":3.5762787E-07,"M12":0.99317116,"M13":-0.11666739,"M14":0,"M21":-2.3841858E-07,"M22":-0.11666751,"M23":-0.99317116,"M24":0,"M31":-1.0000001,"M32":4.7683716E-07,"M33":1.1920929E-07,"M34":0,"M41":8.5785885E-08,"M42":1.2340873,"M43":0.032280132,"M44":1},"AngularLowerLimit":{"X":0,"Y":0,"Z":-1.05},"AngularUpperLimit":{"X":0,"Y":0,"Z":2.1}},{"Bone":"spine_01","Parrent":"pelvis","Position":{"X":0,"Y":-2.82,"Z":0},"Rotation":{"X":0,"Y":0,"Z":0},"Size":{"X":0.155,"Y":0.235,"Z":0.395},"ConstrainLocal1":{"M11":1,"M12":1.7881392E-07,"M13":-7.094245E-08,"M14":-0,"M21":-1.7881392E-07,"M22":1,"M23":4.706101E-09,"M24":0,"M31":1.5762216E-08,"M32":4.57484E-08,"M33":1,"M34":-0,"M41":-1.1920929E-07,"M42":-7.450602E-09,"M43":8.421937E-15,"M44":1},"ConstrainLocal2":{"M11":0.99221534,"M12":-0.12453429,"M13":3.6203975E-08,"M14":0,"M21":0.12453423,"M22":0.99221534,"M23":1.8865734E-08,"M24":0,"M31":2.1336707E-08,"M32":4.342933E-08,"M33":1,"M34":0,"M41":0.104577065,"M42":-0.036494657,"M43":2.2633287E-08,"M44":1},"savedRigidBodyMatrix":{"M11":4.7683716E-07,"M12":0.99175245,"M13":0.12816823,"M14":0,"M21":1.1920929E-07,"M22":0.12816823,"M23":-0.99175245,"M24":0,"M31":-1,"M32":5.364418E-07,"M33":0,"M34":0,"M41":3.7524327E-08,"M42":1.0719488,"M43":0.026316008,"M44":1},"AngularLowerLimit":{"X":0,"Y":0,"Z":-2},"AngularUpperLimit":{"X":0,"Y":0,"Z":2}},{"Bone":"upperarm_r","Parrent":"spine_03","Position":{"X":-12.375,"Y":0,"Z":0},"Rotation":{"X":0,"Y":0,"Z":5.85},"Size":{"X":0.37,"Y":0.135,"Z":0.11},"ConstrainLocal1":{"M11":1,"M12":2.9802322E-08,"M13":-3.864989E-08,"M14":-0,"M21":-8.940697E-08,"M22":1,"M23":1.6763812E-08,"M24":0,"M31":-7.9162445E-09,"M32":2.421439E-08,"M33":1.0000001,"M34":-0,"M41":5.9604645E-08,"M42":1.7763568E-15,"M43":-2.303713E-15,"M44":1},"ConstrainLocal2":{"M11":0.7141937,"M12":-0.2954005,"M13":-0.6345595,"M14":0,"M21":-0.27524558,"M22":-0.9520708,"M23":0.13342103,"M24":0,"M31":-0.6435582,"M32":0.07937111,"M33":-0.7612706,"M34":0,"M41":-0.014752507,"M42":0.0720914,"M43":0.25680196,"M44":0.99999994},"savedRigidBodyMatrix":{"M11":0.63455963,"M12":0.7530911,"M13":0.1737467,"M14":0,"M21":-0.13342142,"M22":-0.11469066,"M23":0.98440075,"M24":0,"M31":0.7612705,"M32":-0.6478425,"M33":0.027700424,"M34":0,"M41":-0.25680178,"M42":1.401148,"M43":-0.106077574,"M44":1},"AngularLowerLimit":{"X":-19.044,"Y":-11.993917,"Z":-16.027},"AngularUpperLimit":{"X":1.194,"Y":11.993917,"Z":32.977}},{"Bone":"lowerarm_r","Parrent":"upperarm_r","Position":{"X":-11.535,"Y":0,"Z":0},"Rotation":{"X":0,"Y":0,"Z":0},"Size":{"X":0.285,"Y":0.1,"Z":0.125},"ConstrainLocal1":{"M11":1,"M12":5.960465E-08,"M13":-2.2351738E-08,"M14":-0,"M21":-5.9604638E-08,"M22":1.0000001,"M23":1.1920932E-07,"M24":0,"M31":1.1175874E-07,"M32":-7.450581E-08,"M33":1.0000001,"M34":-0,"M41":-2.9802312E-08,"M42":2.9802315E-08,"M43":1.1920932E-07,"M44":1},"ConstrainLocal2":{"M11":0.7936032,"M12":-0.5810587,"M13":0.1804576,"M14":0,"M21":0.5987601,"M22":0.79852533,"M23":-0.061996754,"M24":0,"M31":-0.10807623,"M32":0.15725166,"M33":0.98162687,"M34":0,"M41":-0.27025658,"M42":0.08533563,"M43":-0.020810604,"M44":1},"savedRigidBodyMatrix":{"M11":0.71849114,"M12":0.5473893,"M13":-0.42911002,"M14":0,"M21":0.22621249,"M22":0.39950156,"M23":0.88838416,"M24":0,"M31":0.6577221,"M32":-0.73536617,"M33":0.16321206,"M34":0,"M41":-0.45552373,"M42":1.2013149,"M43":-0.06960572,"M44":1},"AngularLowerLimit":{"X":-36.594,"Y":-0.15,"Z":-43.177},"AngularUpperLimit":{"X":25.794,"Y":0,"Z":17.527}},{"Bone":"head","Parrent":"spine_03","Position":{"X":6.24,"Y":-7.035,"Z":0},"Rotation":{"X":0,"Y":0,"Z":-2.4},"Size":{"X":0.325,"Y":0.2,"Z":0.2},"ConstrainLocal1":{"M11":1,"M12":2.7939683E-08,"M13":-7.539976E-08,"M14":-0,"M21":1.8626451E-09,"M22":1,"M23":5.480757E-09,"M24":-0,"M31":2.2632245E-08,"M32":-7.513475E-08,"M33":1,"M34":-0,"M41":-1.1920929E-07,"M42":3.0267953E-09,"M43":1.2269179E-13,"M44":1},"ConstrainLocal2":{"M11":0.9830654,"M12":-0.1832549,"M13":-3.615472E-07,"M14":0,"M21":0.18325502,"M22":0.9830654,"M23":-1.4469975E-08,"M24":0,"M31":3.2206663E-07,"M32":-9.509705E-09,"M33":0.99999994,"M34":0,"M41":0.27665567,"M42":-0.11363828,"M43":-6.986063E-08,"M44":0.99999994},"savedRigidBodyMatrix":{"M11":4.7683716E-07,"M12":0.9998223,"M13":0.018851727,"M14":0,"M21":2.9802322E-07,"M22":0.018851697,"M23":-0.9998223,"M24":0,"M31":-1,"M32":5.364418E-07,"M33":-3.5762787E-07,"M34":0,"M41":2.7802304E-07,"M42":1.7191646,"M43":0.029124096,"M44":1},"AngularLowerLimit":{"X":-10,"Y":0,"Z":-37.2},"AngularUpperLimit":{"X":10,"Y":0,"Z":10.2}},{"Bone":"upperarm_l","Parrent":"spine_03","Position":{"X":16.77,"Y":-2.37,"Z":0},"Rotation":{"X":0,"Y":0,"Z":-3.45},"Size":{"X":0.4,"Y":0.145,"Z":0.12},"ConstrainLocal1":{"M11":0.9999999,"M12":-3.1664964E-08,"M13":1.0244548E-08,"M14":-0,"M21":5.308538E-08,"M22":1,"M23":-3.7252903E-09,"M24":0,"M31":-1.89757E-08,"M32":-2.4214389E-08,"M33":1.0000001,"M34":-0,"M41":-0,"M42":0,"M43":-0,"M44":1},"ConstrainLocal2":{"M11":-0.74929893,"M12":0.13766128,"M13":-0.6477656,"M14":0,"M21":0.15621091,"M22":0.98729426,"M23":0.029121041,"M24":0,"M31":0.6435442,"M32":-0.07936766,"M33":-0.7612829,"M34":0,"M41":-0.05197692,"M42":0.05758238,"M43":-0.2867544,"M44":0.99999994},"savedRigidBodyMatrix":{"M11":0.64776564,"M12":-0.76173913,"M13":-0.012379408,"M14":0,"M21":-0.029120773,"M22":-0.0085196495,"M23":-0.9995397,"M24":0,"M31":0.7612829,"M32":0.6478279,"M33":-0.02770114,"M34":0,"M41":0.2867546,"M42":1.3668213,"M43":-0.08563602,"M44":1},"AngularLowerLimit":{"X":-11.993917,"Y":-11.993917,"Z":-44.97719},"AngularUpperLimit":{"X":11.993917,"Y":11.993917,"Z":44.97719}},{"Bone":"lowerarm_l","Parrent":"upperarm_l","Position":{"X":15.435,"Y":0,"Z":0},"Rotation":{"X":0,"Y":0,"Z":-2.55},"Size":{"X":0.265,"Y":0.1,"Z":0.1},"ConstrainLocal1":{"M11":1,"M12":-1.4901163E-07,"M13":-5.2154036E-08,"M14":-0,"M21":1.1920929E-07,"M22":1,"M23":-2.533198E-07,"M24":0,"M31":2.2351774E-08,"M32":2.2351747E-07,"M33":1.0000002,"M34":-0,"M41":-2.9802326E-08,"M42":-2.9802294E-08,"M43":1.1920933E-07,"M44":1},"ConstrainLocal2":{"M11":0.8556533,"M12":-0.48409605,"M13":0.18305284,"M14":0,"M21":0.50041026,"M22":0.86410916,"M23":-0.053896297,"M24":0,"M31":-0.1320867,"M32":0.13771804,"M33":0.9816245,"M34":0,"M41":0.26940328,"M42":-0.036888987,"M43":0.027855515,"M44":0.99999994},"savedRigidBodyMatrix":{"M11":0.70771515,"M12":-0.5290735,"M13":0.46820992,"M14":0,"M21":0.25795496,"M22":-0.4234593,"M23":-0.86841327,"M24":0,"M31":0.6577222,"M32":0.7353663,"M33":-0.16321146,"M34":0,"M41":0.48354483,"M42":1.1799661,"M43":-0.052870683,"M44":1},"AngularLowerLimit":{"X":-11.993917,"Y":-11.993917,"Z":-44.97719},"AngularUpperLimit":{"X":11.993917,"Y":11.993917,"Z":44.97719}},{"Bone":"hand_l","Parrent":"lowerarm_l","Position":{"X":7.59,"Y":0,"Z":0},"Rotation":{"X":0,"Y":0,"Z":0},"Size":{"X":0.17,"Y":0.065,"Z":0.085},"ConstrainLocal1":{"M11":1,"M12":2.0489097E-08,"M13":-6.1062266E-16,"M14":-0,"M21":-4.2840842E-08,"M22":1,"M23":-2.9802322E-08,"M24":0,"M31":8.940697E-08,"M32":-2.2351738E-08,"M33":1,"M34":-0,"M41":1.4901165E-08,"M42":5.551121E-17,"M43":1.1175871E-08,"M44":1},"ConstrainLocal2":{"M11":0.99835336,"M12":0.037260145,"M13":-0.043614663,"M14":0,"M21":-0.051151883,"M22":0.23414029,"M23":-0.97085637,"M24":0,"M31":-0.025962263,"M32":0.9714887,"M33":0.23566075,"M34":0,"M41":0.19106254,"M42":0.007962465,"M43":-0.003310442,"M44":1},"savedRigidBodyMatrix":{"M11":0.6874746,"M12":-0.57605356,"M13":0.44220012,"M14":0,"M21":-0.6143574,"M22":-0.7860204,"M23":-0.06882556,"M24":0,"M31":0.3872255,"M32":-0.22435309,"M33":-0.89427185,"M34":0,"M41":0.6186392,"M42":1.0730737,"M43":0.030212315,"M44":1},"AngularLowerLimit":{"X":-11.993917,"Y":-11.993917,"Z":-44.97719},"AngularUpperLimit":{"X":11.993917,"Y":11.993917,"Z":44.97719}},{"Bone":"pelvis","Parrent":"","Position":{"X":0,"Y":0,"Z":0},"Rotation":{"X":0,"Y":0,"Z":0},"Size":{"X":0.2,"Y":0.245,"Z":0.39},"ConstrainLocal1":{"M11":1,"M12":0,"M13":0,"M14":0,"M21":0,"M22":1,"M23":0,"M24":0,"M31":0,"M32":0,"M33":1,"M34":0,"M41":0,"M42":0,"M43":0,"M44":1},"ConstrainLocal2":{"M11":1,"M12":0,"M13":0,"M14":0,"M21":0,"M22":1,"M23":0,"M24":0,"M31":0,"M32":0,"M33":1,"M34":0,"M41":0,"M42":0,"M43":0,"M44":1},"savedRigidBodyMatrix":{"M11":5.9604645E-07,"M12":0.99999326,"M13":0.0036631227,"M14":0,"M21":5.9604645E-08,"M22":0.0036631823,"M23":-0.99999326,"M24":0,"M31":-0.99999994,"M32":5.364418E-07,"M33":0,"M34":0,"M41":-1.7420042E-14,"M42":0.9675059,"M43":-0.010561489,"M44":1},"AngularLowerLimit":{"X":-11.993917,"Y":-11.993917,"Z":-44.97719},"AngularUpperLimit":{"X":11.993917,"Y":11.993917,"Z":44.97719}},{"Bone":"thigh_l","Parrent":"pelvis","Position":{"X":-19.455,"Y":0,"Z":0},"Rotation":{"X":0,"Y":0,"Z":0},"Size":{"X":0.46,"Y":0.19,"Z":0.145},"ConstrainLocal1":{"M11":1,"M12":5.0291426E-08,"M13":1.2433155E-07,"M14":-0,"M21":-1.0058283E-07,"M22":1,"M23":-4.470349E-08,"M24":0,"M31":-3.0267987E-08,"M32":7.45058E-08,"M33":0.9999999,"M34":-0,"M41":-5.9604645E-08,"M42":-2.3283364E-10,"M43":-7.4003295E-15,"M44":1},"ConstrainLocal2":{"M11":0.99213016,"M12":-0.026248075,"M13":0.122428775,"M14":0,"M21":0.007928295,"M22":0.9889878,"M23":0.14778453,"M24":0,"M31":-0.12495956,"M32":-0.1456508,"M33":0.9814127,"M34":0,"M41":-0.2075069,"M42":-0.00020765886,"M43":-0.11387659,"M44":1},"savedRigidBodyMatrix":{"M11":-0.12242806,"M12":0.9920274,"M13":0.029882222,"M14":0,"M21":-0.1477845,"M22":0.011551261,"M23":-0.98895204,"M24":0,"M31":-0.98141277,"M32":-0.12549171,"M33":0.14519215,"M34":0,"M41":0.11387647,"M42":0.7599995,"M43":-0.011113955,"M44":1},"AngularLowerLimit":{"X":0,"Y":0,"Z":-58.627},"AngularUpperLimit":{"X":0,"Y":0,"Z":11.85}},{"Bone":"calf_l","Parrent":"thigh_l","Position":{"X":-20.1,"Y":0.87,"Z":0},"Rotation":{"X":0,"Y":0,"Z":0},"Size":{"X":0.495,"Y":0.125,"Z":0.155},"ConstrainLocal1":{"M11":1,"M12":-4.4703473E-08,"M13":-1.1641533E-07,"M14":-0,"M21":8.940697E-08,"M22":1,"M23":2.9802314E-08,"M24":-0,"M31":5.215406E-08,"M32":-7.8231096E-08,"M33":1,"M34":-0,"M41":7.771561E-16,"M42":-1.1657343E-15,"M43":1.4901163E-08,"M44":1},"ConstrainLocal2":{"M11":0.990702,"M12":-0.13242662,"M13":-0.031188585,"M14":0,"M21":0.12873799,"M22":0.9866344,"M23":-0.09989595,"M24":0,"M31":0.0440007,"M32":0.09495205,"M33":0.99450904,"M34":0,"M41":-0.429182,"M42":0.035201263,"M43":0.0053998083,"M44":0.99999994},"savedRigidBodyMatrix":{"M11":-0.07111037,"M12":0.9851878,"M13":0.1560396,"M14":0,"M21":-0.06353122,"M22":0.15164453,"M23":-0.9863913,"M24":0,"M31":-0.9954432,"M32":-0.08005595,"M33":0.05180663,"M34":0,"M41":0.15591872,"M42":0.33396837,"M43":-0.057967223,"M44":1},"AngularLowerLimit":{"X":0,"Y":0,"Z":0},"AngularUpperLimit":{"X":0,"Y":0,"Z":100}},{"Bone":"foot_l","Parrent":"calf_l","Position":{"X":-6.66,"Y":-5.25,"Z":0},"Rotation":{"X":0,"Y":0,"Z":0},"Size":{"X":0.075,"Y":0.29,"Z":0.105},"ConstrainLocal1":{"M11":0.9999999,"M12":5.7741993E-08,"M13":-5.1106326E-08,"M14":-0,"M21":-3.5390254E-08,"M22":0.99999994,"M23":-5.2154064E-08,"M24":0,"M31":4.3539327E-08,"M32":1.8626455E-08,"M33":1,"M34":-0,"M41":6.4878653E-16,"M42":2.775558E-16,"M43":1.4901161E-08,"M44":0.99999994},"ConstrainLocal2":{"M11":0.9880535,"M12":0.13990957,"M13":-0.06461887,"M14":0,"M21":-0.1406627,"M22":0.9900311,"M23":-0.007234417,"M24":0,"M31":0.06296246,"M32":0.016237397,"M33":0.9978838,"M34":0,"M41":-0.29926428,"M42":-0.07613276,"M43":0.007923752,"M44":1},"savedRigidBodyMatrix":{"M11":-0.014825344,"M12":0.9998079,"M13":0.01282227,"M14":0,"M21":-0.045693815,"M22":0.0121328235,"M23":-0.9988818,"M24":0,"M31":-0.99884546,"M32":-0.015394717,"M33":0.045505166,"M34":0,"M41":0.1741487,"M42":0.02695737,"M43":-0.02915708,"M44":1},"AngularLowerLimit":{"X":-11.993917,"Y":-11.993917,"Z":-44.97719},"AngularUpperLimit":{"X":11.993917,"Y":11.993917,"Z":44.97719}},{"Bone":"thigh_r","Parrent":"pelvis","Position":{"X":22.875,"Y":1.455,"Z":0},"Rotation":{"X":0,"Y":0,"Z":0},"Size":{"X":0.37,"Y":0.2,"Z":0.13},"ConstrainLocal1":{"M11":0.9999999,"M12":-2.0489093E-08,"M13":6.519258E-08,"M14":-0,"M21":-1.862645E-08,"M22":0.9999999,"M23":2.9802322E-08,"M24":0,"M31":-3.585592E-08,"M32":1.4901161E-08,"M33":1.0000001,"M34":-0,"M41":3.4694466E-17,"M42":-1.8626449E-09,"M43":-5.551115E-17,"M44":1},"ConstrainLocal2":{"M11":-0.99212945,"M12":0.026248796,"M13":0.122434445,"M14":0,"M21":-0.007928291,"M22":-0.9889879,"M23":0.14778338,"M24":0,"M31":0.12496539,"M32":0.14564958,"M33":0.9814122,"M34":0,"M41":-0.24155104,"M42":-0.013699603,"M43":0.12021515,"M44":1},"savedRigidBodyMatrix":{"M11":-0.12243497,"M12":-0.9920265,"M13":-0.029882908,"M14":0,"M21":-0.14778346,"M22":-0.0115510225,"M23":0.9889522,"M24":0,"M31":-0.98141205,"M32":0.1254986,"M33":-0.14519083,"M34":0,"M41":-0.1202153,"M42":0.7259064,"M43":0.002253192,"M44":1},"AngularLowerLimit":{"X":0,"Y":0,"Z":-43.777},"AngularUpperLimit":{"X":0,"Y":0,"Z":24.727}},{"Bone":"calf_r","Parrent":"thigh_r","Position":{"X":19.02,"Y":-1.155,"Z":0},"Rotation":{"X":0,"Y":0,"Z":0},"Size":{"X":0.525,"Y":0.13,"Z":0.11},"ConstrainLocal1":{"M11":1,"M12":-2.9802322E-08,"M13":2.7939677E-08,"M14":-0,"M21":4.4703484E-08,"M22":1,"M23":-2.235174E-08,"M24":0,"M31":-1.8626453E-08,"M32":-4.0978193E-08,"M33":1,"M34":-0,"M41":6.106227E-16,"M42":7.4505815E-09,"M43":-1.4901161E-08,"M44":1},"ConstrainLocal2":{"M11":0.99070174,"M12":-0.13242604,"M13":-0.031196846,"M14":0,"M21":0.12873656,"M22":0.9866342,"M23":-0.099898234,"M24":0,"M31":0.04400904,"M32":0.094953194,"M33":0.9945085,"M34":0,"M41":0.38391757,"M42":-0.05113332,"M43":-0.004782304,"M44":0.99999994},"savedRigidBodyMatrix":{"M11":-0.071109176,"M12":-0.985188,"M13":-0.15603855,"M14":0,"M21":-0.06352875,"M22":-0.15164375,"M23":0.98639154,"M24":0,"M31":-0.99544346,"M32":0.08005443,"M33":-0.051804423,"M34":0,"M41":-0.15497015,"M42":0.34504032,"M43":-0.059093446,"M44":1},"AngularLowerLimit":{"X":0,"Y":0,"Z":0},"AngularUpperLimit":{"X":0,"Y":0,"Z":100}},{"Bone":"foot_r","Parrent":"calf_r","Position":{"X":5.73,"Y":4.32,"Z":0.03},"Rotation":{"X":8.25,"Y":0,"Z":-1.5},"Size":{"X":0.065,"Y":0.245,"Z":0.085},"ConstrainLocal1":{"M11":0.9999999,"M12":-3.725295E-09,"M13":-1.9278376E-07,"M14":-0,"M21":-1.3411042E-07,"M22":1,"M23":5.960467E-08,"M24":0,"M31":1.14087E-07,"M32":2.9802322E-08,"M33":1,"M34":-0,"M41":-4.9960026E-16,"M42":3.7252903E-09,"M43":2.220447E-16,"M44":1},"ConstrainLocal2":{"M11":0.99112296,"M12":0.11415106,"M13":-0.068153925,"M14":0,"M21":-0.1042624,"M22":0.98544186,"M23":0.13428941,"M24":0,"M31":0.082491025,"M32":-0.12599148,"M33":0.9885957,"M34":0,"M41":0.30220413,"M42":0.06847912,"M43":-0.0069556236,"M44":1},"savedRigidBodyMatrix":{"M11":-0.009886265,"M12":-0.99920875,"M13":-0.038525313,"M14":0,"M21":-0.18886739,"M22":-0.035967827,"M23":0.98134375,"M24":0,"M31":-0.9819528,"M32":0.016977996,"M33":-0.18836236,"M34":0,"M41":-0.17388614,"M42":0.03637112,"M43":-0.038341377,"M44":1},"AngularLowerLimit":{"X":0,"Y":0,"Z":-39.727},"AngularUpperLimit":{"X":0,"Y":0,"Z":9.277}}]}