{"hitboxes":[{"Bone":"spine_03","Parrent":"spine_02","Position":{"X":2.73,"Y":-0.21,"Z":0},"Rotation":{"X":0,"Y":0,"Z":0},"Size":{"X":0.25,"Y":0.32,"Z":0.42},"ConstrainLocal1":{"M11":1.0000001,"M12":-1.4901165E-08,"M13":-7.121151E-08,"M14":-0,"M21":1.3411046E-07,"M22":1,"M23":7.987486E-09,"M24":-0,"M31":3.5201875E-08,"M32":3.453316E-08,"M33":1.0000001,"M34":-0,"M41":5.002488E-22,"M42":4.9074575E-22,"M43":1.4210856E-14,"M44":1.0000001},"ConstrainLocal2":{"M11":0.9988236,"M12":0.04849077,"M13":2.7993465E-07,"M14":0,"M21":-0.04849077,"M22":0.99882364,"M23":-3.784029E-07,"M24":0,"M31":-2.5037733E-07,"M32":4.2963174E-07,"M33":0.99999994,"M34":0,"M41":0.20029283,"M42":0.046630993,"M43":3.0314652E-08,"M44":0.99999994},"savedRigidBodyMatrix":{"M11":2.3841858E-07,"M12":0.9863454,"M13":-0.1646899,"M14":0,"M21":2.3841858E-07,"M22":-0.16469002,"M23":-0.9863454,"M24":0,"M31":-1,"M32":2.3841858E-07,"M33":-2.3841858E-07,"M34":0,"M41":1.6929607E-07,"M42":1.4275718,"M43":-0.037400085,"M44":1},"AngularLowerLimit":{"X":-10,"Y":-10,"Z":-5},"AngularUpperLimit":{"X":10,"Y":10,"Z":0}},{"Bone":"hand_r","Parrent":"lowerarm_r","Position":{"X":-8.13,"Y":-1.32,"Z":0.33},"Rotation":{"X":0,"Y":0,"Z":0},"Size":{"X":0.215,"Y":0.085,"Z":0.135},"ConstrainLocal1":{"M11":1,"M12":-5.9604645E-08,"M13":-4.4408916E-16,"M14":-0,"M21":7.8231096E-08,"M22":1,"M23":7.4505797E-09,"M24":0,"M31":-2.0400346E-15,"M32":-2.6077029E-08,"M33":0.9999999,"M34":-0,"M41":-1.490117E-08,"M42":-1.1920929E-07,"M43":3.725289E-09,"M44":1},"ConstrainLocal2":{"M11":0.9990225,"M12":-0.007193327,"M13":-0.043614723,"M14":0,"M21":-0.040684443,"M22":0.23618537,"M23":-0.97085595,"M24":0,"M31":0.01728478,"M32":0.9716813,"M33":0.23566183,"M34":0,"M41":-0.23502924,"M42":0.0006739199,"M43":0.0171386,"M44":0.99999994},"savedRigidBodyMatrix":{"M11":0.6874753,"M12":0.57605314,"M13":-0.44219953,"M14":0,"M21":-0.61435676,"M22":0.7860209,"M23":0.06882582,"M24":0,"M31":0.3872254,"M32":0.22435224,"M33":0.8942721,"M34":0,"M41":-0.61296535,"M42":1.0603287,"M43":0.034643598,"M44":1},"AngularLowerLimit":{"X":0,"Y":-10,"Z":-0.6},"AngularUpperLimit":{"X":0,"Y":10,"Z":10.95}},{"Bone":"spine_02","Parrent":"spine_01","Position":{"X":-3.885,"Y":-4.32,"Z":0},"Rotation":{"X":0,"Y":0,"Z":0},"Size":{"X":0.185,"Y":0.225,"Z":0.34},"ConstrainLocal1":{"M11":1,"M12":5.960465E-08,"M13":4.7483276E-08,"M14":-0,"M21":-5.215407E-08,"M22":1.0000001,"M23":2.072818E-08,"M24":0,"M31":9.382486E-11,"M32":4.4520046E-08,"M33":1,"M34":-0,"M41":-5.3333257E-24,"M42":-2.5306716E-21,"M43":-5.684342E-14,"M44":1},"ConstrainLocal2":{"M11":0.97002673,"M12":0.24299833,"M13":-5.7050716E-08,"M14":0,"M21":-0.24299833,"M22":0.97002673,"M23":1.3970306E-07,"M24":0,"M31":3.4108048E-08,"M32":-7.1197974E-08,"M33":1,"M34":0,"M41":0.11191571,"M42":0.015616067,"M43":3.628884E-08,"M44":1},"savedRigidBodyMatrix":{"M11":5.9604645E-07,"M12":0.99317104,"M13":-0.11666751,"M14":0,"M21":-1.1920929E-07,"M22":-0.11666751,"M23":-0.993171,"M24":0,"M31":-1,"M32":5.662441E-07,"M33":1.1920929E-07,"M34":0,"M41":8.578583E-08,"M42":1.2340871,"M43":0.032280132,"M44":1},"AngularLowerLimit":{"X":-10,"Y":-10,"Z":-10},"AngularUpperLimit":{"X":10,"Y":10,"Z":0}},{"Bone":"spine_01","Parrent":"pelvis","Position":{"X":4.965,"Y":-2.895,"Z":0},"Rotation":{"X":0,"Y":0,"Z":0},"Size":{"X":0.155,"Y":0.205,"Z":0.395},"ConstrainLocal1":{"M11":1,"M12":1.7881392E-07,"M13":-7.094245E-08,"M14":-0,"M21":-1.7881392E-07,"M22":1,"M23":4.706101E-09,"M24":0,"M31":1.5762216E-08,"M32":4.57484E-08,"M33":1,"M34":-0,"M41":-0,"M42":0,"M43":-0,"M44":1},"ConstrainLocal2":{"M11":0.99221534,"M12":-0.12453429,"M13":3.6203975E-08,"M14":0,"M21":0.12453423,"M22":0.99221534,"M23":1.8865734E-08,"M24":0,"M31":2.1336707E-08,"M32":4.342933E-08,"M33":1,"M34":0,"M41":0.15374708,"M42":-0.04342194,"M43":2.2204688E-08,"M44":1},"savedRigidBodyMatrix":{"M11":4.7683716E-07,"M12":0.99175245,"M13":0.12816823,"M14":0,"M21":1.1920929E-07,"M22":0.12816823,"M23":-0.99175245,"M24":0,"M31":-1,"M32":5.364418E-07,"M33":0,"M34":0,"M41":6.68475E-08,"M42":1.1210929,"M43":0.033423353,"M44":1},"AngularLowerLimit":{"X":-10,"Y":-10,"Z":-10},"AngularUpperLimit":{"X":10,"Y":10,"Z":0}},{"Bone":"upperarm_r","Parrent":"spine_03","Position":{"X":-12.375,"Y":0,"Z":0},"Rotation":{"X":0,"Y":0,"Z":5.85},"Size":{"X":0.37,"Y":0.135,"Z":0.11},"ConstrainLocal1":{"M11":1,"M12":2.9802322E-08,"M13":-3.864989E-08,"M14":-0,"M21":-8.940697E-08,"M22":1,"M23":1.6763812E-08,"M24":0,"M31":-7.9162445E-09,"M32":2.421439E-08,"M33":1.0000001,"M34":-0,"M41":5.9604645E-08,"M42":1.4901163E-08,"M43":-2.0539128E-15,"M44":1},"ConstrainLocal2":{"M11":0.7141937,"M12":-0.2954005,"M13":-0.6345595,"M14":0,"M21":-0.27524558,"M22":-0.9520708,"M23":0.13342103,"M24":0,"M31":-0.6435582,"M32":0.07937111,"M33":-0.7612706,"M34":0,"M41":-0.014752507,"M42":0.072091416,"M43":0.25680196,"M44":0.99999994},"savedRigidBodyMatrix":{"M11":0.6345597,"M12":0.75309104,"M13":0.17374656,"M14":0,"M21":-0.1334213,"M22":-0.11469054,"M23":0.98440075,"M24":0,"M31":0.7612705,"M32":-0.6478425,"M33":0.027700365,"M34":0,"M41":-0.2568018,"M42":1.4011481,"M43":-0.1060776,"M44":1},"AngularLowerLimit":{"X":-20,"Y":-11.993917,"Z":-16.027},"AngularUpperLimit":{"X":20,"Y":11.993917,"Z":32.977}},{"Bone":"lowerarm_r","Parrent":"upperarm_r","Position":{"X":-11.535,"Y":0,"Z":0},"Rotation":{"X":0,"Y":0,"Z":0},"Size":{"X":0.285,"Y":0.1,"Z":0.125},"ConstrainLocal1":{"M11":1,"M12":5.960465E-08,"M13":-2.2351738E-08,"M14":-0,"M21":-5.9604638E-08,"M22":1.0000001,"M23":1.1920932E-07,"M24":0,"M31":1.1175874E-07,"M32":-7.450581E-08,"M33":1.0000001,"M34":-0,"M41":-2.9802312E-08,"M42":2.9802315E-08,"M43":1.1920932E-07,"M44":1},"ConstrainLocal2":{"M11":0.7936032,"M12":-0.5810587,"M13":0.1804576,"M14":0,"M21":0.5987601,"M22":0.79852533,"M23":-0.061996754,"M24":0,"M31":-0.10807623,"M32":0.15725166,"M33":0.98162687,"M34":0,"M41":-0.27025658,"M42":0.08533563,"M43":-0.020810604,"M44":1},"savedRigidBodyMatrix":{"M11":0.7184912,"M12":0.54738915,"M13":-0.42911008,"M14":0,"M21":0.22621241,"M22":0.3995018,"M23":0.88838404,"M24":0,"M31":0.65772206,"M32":-0.73536617,"M33":0.1632123,"M34":0,"M41":-0.4555238,"M42":1.2013152,"M43":-0.06960574,"M44":1},"AngularLowerLimit":{"X":0,"Y":-10,"Z":-75.3},"AngularUpperLimit":{"X":0,"Y":10,"Z":30.3}},{"Bone":"neck_01","Parrent":"spine_03","Position":{"X":17.28,"Y":-3.525,"Z":0},"Rotation":{"X":0,"Y":0,"Z":15.6},"Size":{"X":0.27,"Y":0.225,"Z":0.2},"ConstrainLocal1":{"M11":1.0000001,"M12":2.980233E-08,"M13":4.3918966E-08,"M14":-0,"M21":-2.7939684E-08,"M22":1.0000001,"M23":-2.856733E-08,"M24":0,"M31":-1.0635389E-08,"M32":4.4047937E-08,"M33":1.0000001,"M34":-0,"M41":-2.0816627E-16,"M42":7.450582E-09,"M43":-5.705627E-14,"M44":1.0000001},"ConstrainLocal2":{"M11":0.9904901,"M12":-0.13758408,"M13":-3.487787E-07,"M14":0,"M21":0.1375842,"M22":0.9904901,"M23":3.5959582E-07,"M24":0,"M31":2.599776E-07,"M32":-3.6164184E-07,"M33":0.99999994,"M34":0,"M41":0.28268647,"M42":-0.102703735,"M43":-9.327258E-08,"M44":0.99999994},"savedRigidBodyMatrix":{"M11":5.9604645E-07,"M12":0.9996241,"M13":-0.027418256,"M14":0,"M21":-1.1920929E-07,"M22":-0.027418256,"M23":-0.999624,"M24":0,"M31":-1,"M32":5.662441E-07,"M33":1.1920929E-07,"M34":0,"M41":3.054799E-07,"M42":1.7233125,"M43":0.01734569,"M44":1},"AngularLowerLimit":{"X":-10,"Y":0,"Z":-17.95},"AngularUpperLimit":{"X":10,"Y":0,"Z":45}},{"Bone":"upperarm_l","Parrent":"spine_03","Position":{"X":16.77,"Y":-2.37,"Z":0},"Rotation":{"X":0,"Y":0,"Z":-3.45},"Size":{"X":0.4,"Y":0.145,"Z":0.12},"ConstrainLocal1":{"M11":1,"M12":1.862644E-09,"M13":4.1734896E-08,"M14":-0,"M21":-2.6077029E-08,"M22":0.9999999,"M23":4.470348E-08,"M24":0,"M31":7.1187976E-08,"M32":-2.4214387E-08,"M33":1,"M34":-0,"M41":-8.486269E-15,"M42":2.88658E-15,"M43":-1.192093E-07,"M44":1},"ConstrainLocal2":{"M11":-0.7492988,"M12":0.13766122,"M13":-0.64776576,"M14":0,"M21":0.1562109,"M22":0.98729426,"M23":0.02912102,"M24":0,"M31":0.6435444,"M32":-0.07936769,"M33":-0.7612828,"M34":0,"M41":-0.0519768,"M42":0.057582363,"M43":-0.2867544,"M44":0.99999994},"savedRigidBodyMatrix":{"M11":0.64776564,"M12":-0.76173913,"M13":-0.012379408,"M14":0,"M21":-0.029120773,"M22":-0.0085196495,"M23":-0.9995397,"M24":0,"M31":0.7612829,"M32":0.6478279,"M33":-0.02770114,"M34":0,"M41":0.2867546,"M42":1.3668213,"M43":-0.08563604,"M44":1},"AngularLowerLimit":{"X":-30,"Y":-11.993917,"Z":-44.97719},"AngularUpperLimit":{"X":30,"Y":11.993917,"Z":44.97719}},{"Bone":"lowerarm_l","Parrent":"upperarm_l","Position":{"X":15.435,"Y":0,"Z":0},"Rotation":{"X":0,"Y":0,"Z":-2.55},"Size":{"X":0.265,"Y":0.1,"Z":0.1},"ConstrainLocal1":{"M11":1,"M12":2.9802319E-08,"M13":-1.4901158E-08,"M14":-0,"M21":-5.9604634E-08,"M22":0.9999999,"M23":1.3411044E-07,"M24":0,"M31":1.4901167E-08,"M32":-1.04308114E-07,"M33":1,"M34":-0,"M41":-1.7763565E-15,"M42":2.9802319E-08,"M43":3.9968025E-15,"M44":1},"ConstrainLocal2":{"M11":0.85565335,"M12":-0.48409596,"M13":0.1830528,"M14":0,"M21":0.5004101,"M22":0.8641093,"M23":-0.05389603,"M24":0,"M31":-0.13208665,"M32":0.13771781,"M33":0.9816246,"M34":0,"M41":0.2694034,"M42":-0.03688897,"M43":0.027855396,"M44":1},"savedRigidBodyMatrix":{"M11":0.70771503,"M12":-0.52907366,"M13":0.46820992,"M14":0,"M21":0.25795478,"M22":-0.4234594,"M23":-0.8684132,"M24":0,"M31":0.6577224,"M32":0.7353661,"M33":-0.16321146,"M34":0,"M41":0.48354477,"M42":1.179966,"M43":-0.052870728,"M44":1},"AngularLowerLimit":{"X":0,"Y":-10,"Z":-76.627},"AngularUpperLimit":{"X":0,"Y":10,"Z":34.5}},{"Bone":"hand_l","Parrent":"lowerarm_l","Position":{"X":7.59,"Y":0,"Z":0},"Rotation":{"X":0,"Y":0,"Z":0},"Size":{"X":0.17,"Y":0.065,"Z":0.085},"ConstrainLocal1":{"M11":1,"M12":-1.00582845E-07,"M13":5.9604645E-08,"M14":-0,"M21":5.7742E-08,"M22":1,"M23":-1.1175867E-08,"M24":0,"M31":-5.9604645E-08,"M32":-2.9802319E-08,"M33":1,"M34":-0,"M41":-2.9802322E-08,"M42":3.2751581E-15,"M43":-9.313228E-09,"M44":1},"ConstrainLocal2":{"M11":0.9983533,"M12":0.037260294,"M13":-0.0436147,"M14":0,"M21":-0.05115207,"M22":0.23414022,"M23":-0.9708562,"M24":0,"M31":-0.025962412,"M32":0.9714885,"M33":0.23566075,"M34":0,"M41":0.19106251,"M42":0.007962465,"M43":-0.003310442,"M44":1},"savedRigidBodyMatrix":{"M11":0.68747467,"M12":-0.57605356,"M13":0.44220006,"M14":0,"M21":-0.6143574,"M22":-0.7860204,"M23":-0.068825565,"M24":0,"M31":0.38722545,"M32":-0.22435305,"M33":-0.89427185,"M34":0,"M41":0.61863905,"M42":1.0730736,"M43":0.030212227,"M44":1},"AngularLowerLimit":{"X":0,"Y":-10,"Z":-4.177},"AngularUpperLimit":{"X":0,"Y":10,"Z":36.727}},{"Bone":"pelvis","Parrent":"","Position":{"X":0,"Y":0,"Z":0},"Rotation":{"X":0,"Y":0,"Z":0},"Size":{"X":0.2,"Y":0.245,"Z":0.39},"ConstrainLocal1":{"M11":1,"M12":0,"M13":0,"M14":0,"M21":0,"M22":1,"M23":0,"M24":0,"M31":0,"M32":0,"M33":1,"M34":0,"M41":0,"M42":0,"M43":0,"M44":1},"ConstrainLocal2":{"M11":1,"M12":0,"M13":0,"M14":0,"M21":0,"M22":1,"M23":0,"M24":0,"M31":0,"M32":0,"M33":1,"M34":0,"M41":0,"M42":0,"M43":0,"M44":1},"savedRigidBodyMatrix":{"M11":5.9604645E-07,"M12":0.99999326,"M13":0.0036631227,"M14":0,"M21":5.9604645E-08,"M22":0.0036631823,"M23":-0.99999326,"M24":0,"M31":-0.99999994,"M32":5.364418E-07,"M33":0,"M34":0,"M41":-1.7420042E-14,"M42":0.9675059,"M43":-0.010561487,"M44":1},"AngularLowerLimit":{"X":-11.993917,"Y":-11.993917,"Z":-44.97719},"AngularUpperLimit":{"X":11.993917,"Y":11.993917,"Z":44.97719}},{"Bone":"thigh_l","Parrent":"pelvis","Position":{"X":-23.295,"Y":0,"Z":0},"Rotation":{"X":0,"Y":0,"Z":0},"Size":{"X":0.435,"Y":0.19,"Z":0.145},"ConstrainLocal1":{"M11":1,"M12":2.2351752E-08,"M13":1.2433155E-07,"M14":-0,"M21":-7.4505806E-08,"M22":1,"M23":-4.4703487E-08,"M24":0,"M31":-3.3993278E-08,"M32":8.940695E-08,"M33":0.9999999,"M34":-0,"M41":5.2388654E-16,"M42":-2.3283198E-10,"M43":-1.4901159E-08,"M44":1},"ConstrainLocal2":{"M11":0.9921302,"M12":-0.026248103,"M13":0.122428775,"M14":0,"M21":0.007928323,"M22":0.9889878,"M23":0.14778453,"M24":0,"M31":-0.12495956,"M32":-0.1456508,"M33":0.9814127,"M34":0,"M41":-0.24560475,"M42":0.0008002678,"M43":-0.11857787,"M44":1},"savedRigidBodyMatrix":{"M11":-0.12242806,"M12":0.9920274,"M13":0.029882222,"M14":0,"M21":-0.1477845,"M22":0.011551261,"M23":-0.98895204,"M24":0,"M31":-0.98141277,"M32":-0.12549171,"M33":0.14519215,"M34":0,"M41":0.11857772,"M42":0.7219057,"M43":-0.012261429,"M44":1},"AngularLowerLimit":{"X":-20,"Y":0,"Z":0},"AngularUpperLimit":{"X":52.4,"Y":0,"Z":100}},{"Bone":"calf_l","Parrent":"thigh_l","Position":{"X":-20.1,"Y":0.87,"Z":0},"Rotation":{"X":0,"Y":0,"Z":0},"Size":{"X":0.495,"Y":0.125,"Z":0.155},"ConstrainLocal1":{"M11":1,"M12":-4.4703473E-08,"M13":-1.1641533E-07,"M14":-0,"M21":8.940697E-08,"M22":1,"M23":2.9802314E-08,"M24":-0,"M31":5.215406E-08,"M32":-7.8231096E-08,"M33":1,"M34":-0,"M41":1.1102222E-16,"M42":-7.450582E-09,"M43":1.4901163E-08,"M44":1},"ConstrainLocal2":{"M11":0.990702,"M12":-0.13242662,"M13":-0.031188585,"M14":0,"M21":0.12873799,"M22":0.9866344,"M23":-0.09989595,"M24":0,"M31":0.0440007,"M32":0.09495205,"M33":0.99450904,"M34":0,"M41":-0.39078194,"M42":0.035201263,"M43":0.0053997785,"M44":0.99999994},"savedRigidBodyMatrix":{"M11":-0.07111037,"M12":0.9851878,"M13":0.1560396,"M14":0,"M21":-0.06353122,"M22":0.15164453,"M23":-0.9863913,"M24":0,"M31":-0.9954432,"M32":-0.08005595,"M33":0.05180663,"M34":0,"M41":0.15591878,"M42":0.33396828,"M43":-0.057967216,"M44":1},"AngularLowerLimit":{"X":0,"Y":0,"Z":-73.55},"AngularUpperLimit":{"X":0,"Y":0,"Z":0}},{"Bone":"foot_l","Parrent":"calf_l","Position":{"X":-6.66,"Y":-6.735,"Z":0},"Rotation":{"X":0,"Y":0,"Z":0},"Size":{"X":0.05,"Y":0.15,"Z":0.105},"ConstrainLocal1":{"M11":0.99999994,"M12":1.2293457E-07,"M13":6.344636E-08,"M14":-0,"M21":-1.08964734E-07,"M22":0.99999994,"M23":4.0978186E-08,"M24":0,"M31":-1.0768413E-08,"M32":-4.4703484E-08,"M33":1,"M34":-0,"M41":-0,"M42":0,"M43":-0,"M44":0.99999994},"ConstrainLocal2":{"M11":0.9880535,"M12":0.13990964,"M13":-0.06461852,"M14":0,"M21":-0.14066277,"M22":0.9900311,"M23":-0.0072344095,"M24":0,"M31":0.06296211,"M32":0.01623734,"M33":0.99788386,"M34":0,"M41":-0.29717544,"M42":-0.09083472,"M43":0.008031204,"M44":1},"savedRigidBodyMatrix":{"M11":-0.014825344,"M12":0.9998079,"M13":0.01282227,"M14":0,"M21":-0.045693815,"M22":0.0121328235,"M23":-0.9988818,"M24":0,"M31":-0.99884546,"M32":-0.015394717,"M33":0.045505166,"M34":0,"M41":0.17482728,"M42":0.026777126,"M43":-0.0143236965,"M44":1},"AngularLowerLimit":{"X":0,"Y":0,"Z":-48.7},"AngularUpperLimit":{"X":0,"Y":0,"Z":20}},{"Bone":"thigh_r","Parrent":"pelvis","Position":{"X":23.695,"Y":1.455,"Z":0},"Rotation":{"X":0,"Y":0,"Z":0},"Size":{"X":0.435,"Y":0.2,"Z":0.13},"ConstrainLocal1":{"M11":0.9999999,"M12":-2.0489093E-08,"M13":6.519258E-08,"M14":-0,"M21":-1.862645E-08,"M22":0.9999999,"M23":2.9802322E-08,"M24":0,"M31":-3.585592E-08,"M32":1.4901161E-08,"M33":1.0000001,"M34":-0,"M41":5.9604638E-08,"M42":-9.992005E-16,"M43":1.4901167E-08,"M44":1},"ConstrainLocal2":{"M11":-0.99212945,"M12":0.026248796,"M13":0.122434445,"M14":0,"M21":-0.007928291,"M22":-0.9889879,"M23":0.14778338,"M24":0,"M31":0.12496539,"M32":0.14564958,"M33":0.9814122,"M34":0,"M41":-0.24968648,"M42":-0.0134843625,"M43":0.121219106,"M44":1},"savedRigidBodyMatrix":{"M11":-0.12243497,"M12":-0.99202657,"M13":-0.029882878,"M14":0,"M21":-0.14778343,"M22":-0.0115510225,"M23":0.9889523,"M24":0,"M31":-0.98141205,"M32":0.12549856,"M33":-0.14519083,"M34":0,"M41":-0.12121926,"M42":0.71777177,"M43":0.0020081531,"M44":1},"AngularLowerLimit":{"X":-23.25,"Y":0,"Z":0},"AngularUpperLimit":{"X":49.55,"Y":0,"Z":100}},{"Bone":"calf_r","Parrent":"thigh_r","Position":{"X":19.02,"Y":-1.155,"Z":0},"Rotation":{"X":0,"Y":0,"Z":0},"Size":{"X":0.525,"Y":0.13,"Z":0.11},"ConstrainLocal1":{"M11":1,"M12":-2.9802322E-08,"M13":2.7939677E-08,"M14":-0,"M21":4.4703484E-08,"M22":1,"M23":-2.235174E-08,"M24":0,"M31":-1.8626453E-08,"M32":-4.0978193E-08,"M33":1,"M34":-0,"M41":6.106227E-16,"M42":7.4505815E-09,"M43":-1.4901161E-08,"M44":1},"ConstrainLocal2":{"M11":0.99070174,"M12":-0.13242604,"M13":-0.031196846,"M14":0,"M21":0.12873656,"M22":0.9866342,"M23":-0.099898234,"M24":0,"M31":0.04400904,"M32":0.094953194,"M33":0.9945085,"M34":0,"M41":0.37571758,"M42":-0.05113332,"M43":-0.004782304,"M44":0.99999994},"savedRigidBodyMatrix":{"M11":-0.071109176,"M12":-0.985188,"M13":-0.15603855,"M14":0,"M21":-0.06352875,"M22":-0.15164375,"M23":0.98639154,"M24":0,"M31":-0.99544346,"M32":0.08005443,"M33":-0.051804423,"M34":0,"M41":-0.15497018,"M42":0.34504035,"M43":-0.05909344,"M44":1},"AngularLowerLimit":{"X":0,"Y":0,"Z":-70.1},"AngularUpperLimit":{"X":0,"Y":0,"Z":0}},{"Bone":"foot_r","Parrent":"calf_r","Position":{"X":5.865,"Y":8.22,"Z":0.03},"Rotation":{"X":8.25,"Y":0,"Z":-1.5},"Size":{"X":0.06,"Y":0.11,"Z":0.085},"ConstrainLocal1":{"M11":1,"M12":7.078054E-08,"M13":3.5855926E-08,"M14":-0,"M21":-5.2154068E-08,"M22":1.0000001,"M23":-5.9604666E-08,"M24":0,"M31":-5.4482385E-08,"M32":5.960466E-08,"M33":1.0000001,"M34":-0,"M41":-8.118508E-16,"M42":8.881786E-16,"M43":1.4901163E-08,"M44":1},"ConstrainLocal2":{"M11":0.99112296,"M12":0.11415112,"M13":-0.068154044,"M14":0,"M21":-0.104262434,"M22":0.9854418,"M23":0.13428941,"M24":0,"M31":0.08249115,"M32":-0.12599146,"M33":0.9885957,"M34":0,"M41":0.2980522,"M42":0.107279226,"M43":-0.007325113,"M44":1},"savedRigidBodyMatrix":{"M11":-0.009886265,"M12":-0.9992087,"M13":-0.038525075,"M14":0,"M21":-0.18886742,"M22":-0.03596759,"M23":0.9813436,"M24":0,"M31":-0.9819528,"M32":0.016977936,"M33":-0.18836236,"M34":0,"M41":-0.175688,"M42":0.034548268,"M43":0.0005977154,"M44":1},"AngularLowerLimit":{"X":0,"Y":0,"Z":-47.95},"AngularUpperLimit":{"X":0,"Y":0,"Z":20}}]}