{"hitboxes":[{"Bone":"spine_03","Parrent":"spine_02","Position":{"X":2.73,"Y":-0.21,"Z":0},"Rotation":{"X":0,"Y":0,"Z":0},"Size":{"X":0.25,"Y":0.32,"Z":0.42},"ConstrainLocal1":{"M11":1,"M12":0,"M13":0,"M14":0,"M21":0,"M22":1,"M23":0,"M24":0,"M31":0,"M32":0,"M33":1,"M34":0,"M41":0,"M42":0,"M43":0,"M44":1},"ConstrainLocal2":{"M11":0.9988236,"M12":0.04849077,"M13":2.7993465E-07,"M14":0,"M21":-0.04849077,"M22":0.99882364,"M23":-3.784029E-07,"M24":0,"M31":-2.5037733E-07,"M32":4.2963174E-07,"M33":0.99999994,"M34":0,"M41":0.13407278,"M42":0.00420475,"M43":3.285146E-08,"M44":0.99999994},"savedRigidBodyMatrix":{"M11":2.3841858E-07,"M12":0.9863454,"M13":-0.1646899,"M14":0,"M21":2.3841858E-07,"M22":-0.16469002,"M23":-0.9863454,"M24":0,"M31":-1,"M32":2.3841858E-07,"M33":-2.3841858E-07,"M34":0,"M41":1.5326181E-07,"M42":1.4002987,"M43":-0.034975372,"M44":1},"AngularLowerLimit":{"X":-10,"Y":-10,"Z":-5},"AngularUpperLimit":{"X":10,"Y":10,"Z":0}},{"Bone":"hand_r","Parrent":"lowerarm_r","Position":{"X":-8.13,"Y":-1.32,"Z":0.33},"Rotation":{"X":0,"Y":0,"Z":0},"Size":{"X":0.215,"Y":0.085,"Z":0.135},"ConstrainLocal1":{"M11":1,"M12":0,"M13":0,"M14":0,"M21":0,"M22":1,"M23":0,"M24":0,"M31":0,"M32":0,"M33":1,"M34":0,"M41":0,"M42":0,"M43":0,"M44":1},"ConstrainLocal2":{"M11":0.9990225,"M12":-0.007193446,"M13":-0.043614566,"M14":0,"M21":-0.040684275,"M22":0.23618506,"M23":-0.97085595,"M24":0,"M31":0.0172849,"M32":0.9716814,"M33":0.23566152,"M34":0,"M41":-0.26975268,"M42":2.0861626E-07,"M43":-2.3841858E-07,"M44":1},"savedRigidBodyMatrix":{"M11":0.6874753,"M12":0.57605314,"M13":-0.44219956,"M14":0,"M21":-0.61435676,"M22":0.7860209,"M23":0.06882572,"M24":0,"M31":0.38722536,"M32":0.22435233,"M33":0.8942721,"M34":0,"M41":-0.5664609,"M42":1.1167969,"M43":-0.0033498476,"M44":1},"AngularLowerLimit":{"X":0,"Y":-10,"Z":-0.6},"AngularUpperLimit":{"X":0,"Y":10,"Z":10.95}},{"Bone":"spine_02","Parrent":"spine_01","Position":{"X":-3.885,"Y":-4.32,"Z":0},"Rotation":{"X":0,"Y":0,"Z":0},"Size":{"X":0.185,"Y":0.225,"Z":0.34},"ConstrainLocal1":{"M11":1,"M12":0,"M13":0,"M14":0,"M21":0,"M22":1,"M23":0,"M24":0,"M31":0,"M32":0,"M33":1,"M34":0,"M41":0,"M42":0,"M43":0,"M44":1},"ConstrainLocal2":{"M11":0.97002673,"M12":0.24299827,"M13":-5.705072E-08,"M14":0,"M21":-0.24299827,"M22":0.97002673,"M23":1.3970305E-07,"M24":0,"M31":3.4108048E-08,"M32":-7.1197974E-08,"M33":1,"M34":0,"M41":0.18875372,"M42":0.03801173,"M43":2.6647058E-08,"M44":1},"savedRigidBodyMatrix":{"M11":5.9604645E-07,"M12":0.99317104,"M13":-0.11666751,"M14":0,"M21":-1.1920929E-07,"M22":-0.11666751,"M23":-0.993171,"M24":0,"M31":-1,"M32":5.662441E-07,"M33":1.1920929E-07,"M34":0,"M41":1.0670092E-07,"M42":1.267632,"M43":-0.015157394,"M44":1},"AngularLowerLimit":{"X":-10,"Y":-10,"Z":-10},"AngularUpperLimit":{"X":10,"Y":10,"Z":0}},{"Bone":"spine_01","Parrent":"pelvis","Position":{"X":4.965,"Y":-2.895,"Z":0},"Rotation":{"X":0,"Y":0,"Z":0},"Size":{"X":0.155,"Y":0.205,"Z":0.395},"ConstrainLocal1":{"M11":1,"M12":0,"M13":0,"M14":0,"M21":0,"M22":1,"M23":0,"M24":0,"M31":0,"M32":0,"M33":1,"M34":0,"M41":0,"M42":0,"M43":0,"M44":1},"ConstrainLocal2":{"M11":0.99221534,"M12":-0.12453429,"M13":3.6203975E-08,"M14":0,"M21":0.12453423,"M22":0.99221534,"M23":1.8865734E-08,"M24":0,"M31":2.1336707E-08,"M32":4.342933E-08,"M33":1,"M34":0,"M41":0.10808909,"M42":-0.00851419,"M43":2.5106829E-08,"M44":1},"savedRigidBodyMatrix":{"M11":4.7683716E-07,"M12":0.99175245,"M13":0.12816823,"M14":0,"M21":1.1920929E-07,"M22":0.12816823,"M23":-0.99175245,"M24":0,"M31":-1,"M32":5.364418E-07,"M33":0,"M34":0,"M41":3.881173E-08,"M42":1.0755631,"M43":-0.0016514116,"M44":1},"AngularLowerLimit":{"X":-10,"Y":-10,"Z":-10},"AngularUpperLimit":{"X":10,"Y":10,"Z":0}},{"Bone":"upperarm_r","Parrent":"spine_03","Position":{"X":-12.375,"Y":0,"Z":0},"Rotation":{"X":0,"Y":0,"Z":5.85},"Size":{"X":0.37,"Y":0.135,"Z":0.11},"ConstrainLocal1":{"M11":1,"M12":0,"M13":0,"M14":0,"M21":0,"M22":1,"M23":0,"M24":0,"M31":0,"M32":0,"M33":1,"M34":0,"M41":0,"M42":0,"M43":0,"M44":1},"ConstrainLocal2":{"M11":0.73852855,"M12":-0.19682284,"M13":-0.64485365,"M14":0,"M21":-0.20101841,"M22":-0.97722095,"M23":0.06804897,"M24":0,"M31":-0.6435582,"M32":0.07937126,"M33":-0.7612706,"M34":0,"M41":0.10394037,"M42":0.045634627,"M43":0.17700133,"M44":0.99999994},"savedRigidBodyMatrix":{"M11":0.6448539,"M12":0.76085883,"M13":0.07250723,"M14":0,"M21":-0.06804925,"M22":-0.03733504,"M23":0.9969832,"M24":0,"M31":0.7612705,"M32":-0.6478425,"M33":0.027700245,"M34":0,"M41":-0.17700115,"M42":1.4953042,"M43":-0.09710483,"M44":1},"AngularLowerLimit":{"X":-20,"Y":-11.993917,"Z":-16.027},"AngularUpperLimit":{"X":20,"Y":11.993917,"Z":32.977}},{"Bone":"lowerarm_r","Parrent":"upperarm_r","Position":{"X":-11.535,"Y":0,"Z":0},"Rotation":{"X":0,"Y":0,"Z":0},"Size":{"X":0.285,"Y":0.1,"Z":0.125},"ConstrainLocal1":{"M11":1,"M12":0,"M13":0,"M14":0,"M21":0,"M22":1,"M23":0,"M24":0,"M31":0,"M32":0,"M33":1,"M34":0,"M41":0,"M42":0,"M43":0,"M44":1},"ConstrainLocal2":{"M11":0.84869415,"M12":-0.49714497,"M13":0.18045762,"M14":0,"M21":0.51425254,"M22":0.855395,"M23":-0.06199679,"M24":0,"M31":-0.12354114,"M32":0.14541712,"M33":0.98162687,"M34":0,"M41":-0.30339992,"M42":-1.937151E-07,"M43":5.2452087E-06,"M44":0.99999994},"savedRigidBodyMatrix":{"M11":0.71849114,"M12":0.5473893,"M13":-0.42911002,"M14":0,"M21":0.22621249,"M22":0.39950156,"M23":0.88838416,"M24":0,"M31":0.6577221,"M32":-0.73536617,"M33":0.16321206,"M34":0,"M41":-0.3726458,"M42":1.2644563,"M43":-0.11910357,"M44":1},"AngularLowerLimit":{"X":0,"Y":-10,"Z":-75.3},"AngularUpperLimit":{"X":0,"Y":10,"Z":30.3}},{"Bone":"neck_01","Parrent":"spine_03","Position":{"X":17.28,"Y":-3.525,"Z":0},"Rotation":{"X":0,"Y":0,"Z":15.6},"Size":{"X":0.27,"Y":0.225,"Z":0.2},"ConstrainLocal1":{"M11":1,"M12":0,"M13":0,"M14":0,"M21":0,"M22":1,"M23":0,"M24":0,"M31":0,"M32":0,"M33":1,"M34":0,"M41":0,"M42":0,"M43":0,"M44":1},"ConstrainLocal2":{"M11":0.9170038,"M12":-0.39887834,"M13":-6.436377E-07,"M14":0,"M21":0.39887846,"M22":0.9170038,"M23":1.9754164E-07,"M24":0,"M31":4.7541346E-07,"M32":-3.9535894E-07,"M33":0.99999994,"M34":0,"M41":0.1655885,"M42":-0.003553182,"M43":-1.9119724E-08,"M44":0.99999994},"savedRigidBodyMatrix":{"M11":8.34465E-07,"M12":0.9701737,"M13":0.24241054,"M14":0,"M21":8.940697E-08,"M22":0.24241054,"M23":-0.9701737,"M24":0,"M31":-1,"M32":8.34465E-07,"M33":1.1920929E-07,"M34":0,"M41":2.1101377E-07,"M42":1.5642114,"M43":-0.058741454,"M44":1},"AngularLowerLimit":{"X":-10,"Y":0,"Z":-17.95},"AngularUpperLimit":{"X":10,"Y":0,"Z":45}},{"Bone":"upperarm_l","Parrent":"spine_03","Position":{"X":16.77,"Y":-2.37,"Z":0},"Rotation":{"X":0,"Y":0,"Z":-3.45},"Size":{"X":0.4,"Y":0.145,"Z":0.12},"ConstrainLocal1":{"M11":1,"M12":0,"M13":0,"M14":0,"M21":0,"M22":1,"M23":0,"M24":0,"M31":0,"M32":0,"M33":1,"M34":0,"M41":0,"M42":0,"M43":0,"M44":1},"ConstrainLocal2":{"M11":-0.7385407,"M12":0.19682461,"M13":-0.6448391,"M14":0,"M21":0.20101847,"M22":0.97722095,"M23":0.06804942,"M24":0,"M31":0.6435442,"M32":-0.07936726,"M33":-0.7612829,"M34":0,"M41":0.10394049,"M42":0.045635,"M43":-0.17700215,"M44":0.99999994},"savedRigidBodyMatrix":{"M11":0.644839,"M12":-0.7608715,"M13":-0.072506696,"M14":0,"M21":-0.06804925,"M22":0.03733504,"M23":-0.99698323,"M24":0,"M31":0.76128316,"M32":0.6478277,"M33":-0.027701616,"M34":0,"M41":0.17700236,"M42":1.4953042,"M43":-0.097105145,"M44":1},"AngularLowerLimit":{"X":-30,"Y":-11.993917,"Z":-44.97719},"AngularUpperLimit":{"X":30,"Y":11.993917,"Z":44.97719}},{"Bone":"lowerarm_l","Parrent":"upperarm_l","Position":{"X":15.435,"Y":0,"Z":0},"Rotation":{"X":0,"Y":0,"Z":-2.55},"Size":{"X":0.265,"Y":0.1,"Z":0.1},"ConstrainLocal1":{"M11":1,"M12":0,"M13":0,"M14":0,"M21":0,"M22":1,"M23":0,"M24":0,"M31":0,"M32":0,"M33":1,"M34":0,"M41":0,"M42":0,"M43":0,"M44":1},"ConstrainLocal2":{"M11":0.84869105,"M12":-0.49714446,"M13":0.18047383,"M14":0,"M21":0.5142532,"M22":0.8553954,"M23":-0.061986495,"M24":0,"M31":-0.12356016,"M32":0.14541663,"M33":0.98162466,"M34":0,"M41":0.30339962,"M42":1.4901161E-07,"M43":-4.7683716E-07,"M44":0.99999994},"savedRigidBodyMatrix":{"M11":0.7184911,"M12":-0.54738986,"M13":0.42910948,"M14":0,"M21":0.22621222,"M22":-0.39950085,"M23":-0.8883845,"M24":0,"M31":0.65772235,"M32":0.73536617,"M33":-0.16321158,"M34":0,"M41":0.37264585,"M42":1.2644558,"M43":-0.119103774,"M44":1},"AngularLowerLimit":{"X":0,"Y":-10,"Z":-76.627},"AngularUpperLimit":{"X":0,"Y":10,"Z":34.5}},{"Bone":"hand_l","Parrent":"lowerarm_l","Position":{"X":7.59,"Y":0,"Z":0},"Rotation":{"X":0,"Y":0,"Z":0},"Size":{"X":0.17,"Y":0.065,"Z":0.085},"ConstrainLocal1":{"M11":1,"M12":0,"M13":0,"M14":0,"M21":0,"M22":1,"M23":0,"M24":0,"M31":0,"M32":0,"M33":1,"M34":0,"M41":0,"M42":0,"M43":0,"M44":1},"ConstrainLocal2":{"M11":0.9990225,"M12":-0.007194549,"M13":-0.043614887,"M14":0,"M21":-0.040684342,"M22":0.23618428,"M23":-0.9708562,"M24":0,"M31":0.017286062,"M32":0.9716816,"M33":0.23566064,"M34":0,"M41":0.26975173,"M42":0,"M43":-2.3841858E-07,"M44":1},"savedRigidBodyMatrix":{"M11":0.68747467,"M12":-0.57605356,"M13":0.44220006,"M14":0,"M21":-0.6143574,"M22":-0.7860204,"M23":-0.068825565,"M24":0,"M31":0.38722545,"M32":-0.22435305,"M33":-0.89427185,"M34":0,"M41":0.5664599,"M42":1.1167963,"M43":-0.0033506965,"M44":1},"AngularLowerLimit":{"X":0,"Y":-10,"Z":-4.177},"AngularUpperLimit":{"X":0,"Y":10,"Z":36.727}},{"Bone":"pelvis","Parrent":"","Position":{"X":0,"Y":0,"Z":0},"Rotation":{"X":0,"Y":0,"Z":0},"Size":{"X":0.2,"Y":0.245,"Z":0.39},"ConstrainLocal1":{"M11":1,"M12":0,"M13":0,"M14":0,"M21":0,"M22":1,"M23":0,"M24":0,"M31":0,"M32":0,"M33":1,"M34":0,"M41":0,"M42":0,"M43":0,"M44":1},"ConstrainLocal2":{"M11":1,"M12":0,"M13":0,"M14":0,"M21":0,"M22":1,"M23":0,"M24":0,"M31":0,"M32":0,"M33":1,"M34":0,"M41":0,"M42":0,"M43":0,"M44":1},"savedRigidBodyMatrix":{"M11":5.9604645E-07,"M12":0.99999326,"M13":0.0036631227,"M14":0,"M21":5.9604645E-08,"M22":0.0036631823,"M23":-0.99999326,"M24":0,"M31":-0.99999994,"M32":5.364418E-07,"M33":0,"M34":0,"M41":-1.7420042E-14,"M42":0.9675059,"M43":-0.010561489,"M44":1},"AngularLowerLimit":{"X":-11.993917,"Y":-11.993917,"Z":-44.97719},"AngularUpperLimit":{"X":11.993917,"Y":11.993917,"Z":44.97719}},{"Bone":"thigh_l","Parrent":"pelvis","Position":{"X":-23.295,"Y":0,"Z":0},"Rotation":{"X":0,"Y":0,"Z":0},"Size":{"X":0.435,"Y":0.19,"Z":0.145},"ConstrainLocal1":{"M11":1,"M12":0,"M13":0,"M14":0,"M21":0,"M22":1,"M23":0,"M24":0,"M31":0,"M32":0,"M33":1,"M34":0,"M41":0,"M42":0,"M43":0,"M44":1},"ConstrainLocal2":{"M11":0.9921302,"M12":-0.026248103,"M13":0.122428775,"M14":0,"M21":0.007928323,"M22":0.9889878,"M23":0.14778453,"M24":0,"M31":-0.12495956,"M32":-0.1456508,"M33":0.9814127,"M34":0,"M41":-0.014488041,"M42":-0.005314218,"M43":-0.09005807,"M44":1},"savedRigidBodyMatrix":{"M11":-0.12242806,"M12":0.9920274,"M13":0.029882222,"M14":0,"M21":-0.1477845,"M22":0.011551261,"M23":-0.98895204,"M24":0,"M31":-0.98141277,"M32":-0.12549171,"M33":0.14519215,"M34":0,"M41":0.09005806,"M42":0.95299846,"M43":-0.0053003775,"M44":1},"AngularLowerLimit":{"X":-20,"Y":0,"Z":0},"AngularUpperLimit":{"X":52.4,"Y":0,"Z":100}},{"Bone":"calf_l","Parrent":"thigh_l","Position":{"X":-20.1,"Y":0.87,"Z":0},"Rotation":{"X":0,"Y":0,"Z":0},"Size":{"X":0.495,"Y":0.125,"Z":0.155},"ConstrainLocal1":{"M11":1,"M12":0,"M13":0,"M14":0,"M21":0,"M22":1,"M23":0,"M24":0,"M31":0,"M32":0,"M33":1,"M34":0,"M41":0,"M42":0,"M43":0,"M44":1},"ConstrainLocal2":{"M11":0.990702,"M12":-0.13242662,"M13":-0.031188585,"M14":0,"M21":0.12873799,"M22":0.9866344,"M23":-0.09989595,"M24":0,"M31":0.0440007,"M32":0.09495205,"M33":0.99450904,"M34":0,"M41":-0.42572087,"M42":-2.15834E-07,"M43":0,"M44":0.99999994},"savedRigidBodyMatrix":{"M11":-0.07111037,"M12":0.9851878,"M13":0.1560396,"M14":0,"M21":-0.06353122,"M22":0.15164453,"M23":-0.9863913,"M24":0,"M31":-0.9954432,"M32":-0.08005595,"M33":0.05180663,"M34":0,"M41":0.14217828,"M42":0.5306718,"M43":-0.01802165,"M44":1},"AngularLowerLimit":{"X":0,"Y":0,"Z":-73.55},"AngularUpperLimit":{"X":0,"Y":0,"Z":0}},{"Bone":"foot_l","Parrent":"calf_l","Position":{"X":-6.66,"Y":-6.735,"Z":0},"Rotation":{"X":0,"Y":0,"Z":0},"Size":{"X":0.05,"Y":0.15,"Z":0.105},"ConstrainLocal1":{"M11":1,"M12":0,"M13":0,"M14":0,"M21":0,"M22":1,"M23":0,"M24":0,"M31":0,"M32":0,"M33":1,"M34":0,"M41":0,"M42":0,"M43":0,"M44":1},"ConstrainLocal2":{"M11":0.9880535,"M12":0.13990964,"M13":-0.06461852,"M14":0,"M21":-0.14066277,"M22":0.9900311,"M23":-0.0072344095,"M24":0,"M31":0.06296211,"M32":0.01623734,"M33":0.99788386,"M34":0,"M41":-0.4418447,"M42":-0.006138183,"M43":0.0032403618,"M44":1},"savedRigidBodyMatrix":{"M11":-0.014825344,"M12":0.9998079,"M13":0.01282227,"M14":0,"M21":-0.045693815,"M22":0.0121328235,"M23":-0.9988818,"M24":0,"M31":-0.99884546,"M32":-0.015394717,"M33":0.045505166,"M34":0,"M41":0.1707624,"M42":0.094181515,"M43":-0.0807444,"M44":1},"AngularLowerLimit":{"X":0,"Y":0,"Z":-48.7},"AngularUpperLimit":{"X":0,"Y":0,"Z":20}},{"Bone":"thigh_r","Parrent":"pelvis","Position":{"X":23.695,"Y":1.455,"Z":0},"Rotation":{"X":0,"Y":0,"Z":0},"Size":{"X":0.435,"Y":0.2,"Z":0.13},"ConstrainLocal1":{"M11":1,"M12":0,"M13":0,"M14":0,"M21":0,"M22":1,"M23":0,"M24":0,"M31":0,"M32":0,"M33":1,"M34":0,"M41":0,"M42":0,"M43":0,"M44":1},"ConstrainLocal2":{"M11":-0.99212945,"M12":0.026248911,"M13":0.122434445,"M14":0,"M21":-0.007928407,"M22":-0.9889879,"M23":0.1477834,"M24":0,"M31":0.12496541,"M32":0.14564958,"M33":0.9814122,"M34":0,"M41":-0.014486134,"M42":-0.005314245,"M43":0.09005802,"M44":1},"savedRigidBodyMatrix":{"M11":-0.12243497,"M12":-0.9920265,"M13":-0.029882908,"M14":0,"M21":-0.14778346,"M22":-0.0115510225,"M23":0.9889522,"M24":0,"M31":-0.98141205,"M32":0.1254986,"M33":-0.14519083,"M34":0,"M41":-0.090058036,"M42":0.9530005,"M43":-0.0053003435,"M44":1},"AngularLowerLimit":{"X":-23.25,"Y":0,"Z":0},"AngularUpperLimit":{"X":49.55,"Y":0,"Z":100}},{"Bone":"calf_r","Parrent":"thigh_r","Position":{"X":19.02,"Y":-1.155,"Z":0},"Rotation":{"X":0,"Y":0,"Z":0},"Size":{"X":0.525,"Y":0.13,"Z":0.11},"ConstrainLocal1":{"M11":1,"M12":0,"M13":0,"M14":0,"M21":0,"M22":1,"M23":0,"M24":0,"M31":0,"M32":0,"M33":1,"M34":0,"M41":0,"M42":0,"M43":0,"M44":1},"ConstrainLocal2":{"M11":0.9907018,"M12":-0.13242602,"M13":-0.031196853,"M14":0,"M21":0.12873654,"M22":0.98663425,"M23":-0.09989828,"M24":0,"M31":0.04400907,"M32":0.094953194,"M33":0.9945085,"M34":0,"M41":0.42572314,"M42":-2.0721927E-08,"M43":-2.4437904E-06,"M44":0.99999994},"savedRigidBodyMatrix":{"M11":-0.071109176,"M12":-0.985188,"M13":-0.15603855,"M14":0,"M21":-0.06352875,"M22":-0.15164375,"M23":0.98639154,"M24":0,"M31":-0.99544346,"M32":0.08005443,"M33":-0.051804423,"M34":0,"M41":-0.14217904,"M42":0.53067154,"M43":-0.018021856,"M44":1},"AngularLowerLimit":{"X":0,"Y":0,"Z":-70.1},"AngularUpperLimit":{"X":0,"Y":0,"Z":0}},{"Bone":"foot_r","Parrent":"calf_r","Position":{"X":5.865,"Y":8.22,"Z":0.03},"Rotation":{"X":8.25,"Y":0,"Z":-1.5},"Size":{"X":0.06,"Y":0.11,"Z":0.085},"ConstrainLocal1":{"M11":1,"M12":0,"M13":0,"M14":0,"M21":0,"M22":1,"M23":0,"M24":0,"M31":0,"M32":0,"M33":1,"M34":0,"M41":0,"M42":0,"M43":0,"M44":1},"ConstrainLocal2":{"M11":0.98805404,"M12":0.13990833,"M13":-0.06461429,"M14":0,"M21":-0.14066161,"M22":0.99003124,"M23":-0.0072377026,"M24":0,"M31":0.06295757,"M32":0.016239915,"M33":0.99788404,"M34":0,"M41":0.44184637,"M42":0.0061378926,"M43":-0.0032398403,"M44":1},"savedRigidBodyMatrix":{"M11":-0.014828086,"M12":-0.9998079,"M13":-0.012822837,"M14":0,"M21":-0.04568833,"M22":-0.01213336,"M23":0.99888206,"M24":0,"M31":-0.9988457,"M32":0.01539728,"M33":-0.045499563,"M34":0,"M41":-0.17076324,"M42":0.09417968,"M43":-0.08074472,"M44":1},"AngularLowerLimit":{"X":0,"Y":0,"Z":-47.95},"AngularUpperLimit":{"X":0,"Y":0,"Z":20}}]}