{"hitboxes":[{"Bone":"spine_03","Parrent":"spine_02","Position":{"X":2.73,"Y":-0.21,"Z":0},"Rotation":{"X":0,"Y":0,"Z":0},"Size":{"X":0.25,"Y":0.32,"Z":0.42},"ConstrainLocal1":{"M11":1.0000001,"M12":-1.4901165E-08,"M13":-7.121151E-08,"M14":-0,"M21":1.3411046E-07,"M22":1,"M23":7.987486E-09,"M24":-0,"M31":3.5201875E-08,"M32":3.453316E-08,"M33":1.0000001,"M34":-0,"M41":5.002488E-22,"M42":4.9074575E-22,"M43":1.4210856E-14,"M44":1.0000001},"ConstrainLocal2":{"M11":0.9988236,"M12":0.04849077,"M13":2.7993465E-07,"M14":0,"M21":-0.04849077,"M22":0.99882364,"M23":-3.784029E-07,"M24":0,"M31":-2.5037733E-07,"M32":4.2963174E-07,"M33":0.99999994,"M34":0,"M41":0.20029283,"M42":0.046630993,"M43":3.0314652E-08,"M44":0.99999994},"savedRigidBodyMatrix":{"M11":2.3841858E-07,"M12":0.9863454,"M13":-0.1646899,"M14":0,"M21":2.3841858E-07,"M22":-0.16469002,"M23":-0.9863454,"M24":0,"M31":-1,"M32":2.3841858E-07,"M33":-2.3841858E-07,"M34":0,"M41":1.6929607E-07,"M42":1.4275718,"M43":-0.037400085,"M44":1},"AngularLowerLimit":{"X":0,"Y":0,"Z":-5},"AngularUpperLimit":{"X":0,"Y":0,"Z":0}},{"Bone":"hand_r","Parrent":"lowerarm_r","Position":{"X":-8.13,"Y":-1.32,"Z":0.33},"Rotation":{"X":0,"Y":0,"Z":0},"Size":{"X":0.215,"Y":0.085,"Z":0.135},"ConstrainLocal1":{"M11":1,"M12":-5.029142E-08,"M13":5.9604638E-08,"M14":-0,"M21":1.8626449E-09,"M22":1,"M23":7.4505797E-09,"M24":-0,"M31":-2.9802319E-08,"M32":-1.1175868E-08,"M33":0.9999999,"M34":-0,"M41":-4.4703484E-08,"M42":2.1649351E-15,"M43":7.450577E-09,"M44":1},"ConstrainLocal2":{"M11":0.9990225,"M12":-0.0071934164,"M13":-0.043614626,"M14":0,"M21":-0.04068437,"M22":0.23618543,"M23":-0.97085583,"M24":0,"M31":0.01728496,"M32":0.97168136,"M33":0.23566188,"M34":0,"M41":-0.23502927,"M42":0.0006739199,"M43":0.017138481,"M44":0.99999994},"savedRigidBodyMatrix":{"M11":0.6874752,"M12":0.57605326,"M13":-0.44219956,"M14":0,"M21":-0.61435676,"M22":0.7860208,"M23":0.06882585,"M24":0,"M31":0.38722542,"M32":0.22435224,"M33":0.8942721,"M34":0,"M41":-0.61296546,"M42":1.0603291,"M43":0.03464355,"M44":1},"AngularLowerLimit":{"X":0,"Y":-10,"Z":-0.6},"AngularUpperLimit":{"X":0,"Y":10,"Z":10.95}},{"Bone":"spine_02","Parrent":"spine_01","Position":{"X":-3.885,"Y":-4.32,"Z":0},"Rotation":{"X":0,"Y":0,"Z":0},"Size":{"X":0.195,"Y":0.245,"Z":0.395},"ConstrainLocal1":{"M11":1,"M12":5.960465E-08,"M13":4.7483276E-08,"M14":-0,"M21":-5.215407E-08,"M22":1.0000001,"M23":2.072818E-08,"M24":0,"M31":9.382486E-11,"M32":4.4520046E-08,"M33":1,"M34":-0,"M41":-5.3333257E-24,"M42":-2.5306716E-21,"M43":-5.684342E-14,"M44":1},"ConstrainLocal2":{"M11":0.97002673,"M12":0.24299833,"M13":-5.7050716E-08,"M14":0,"M21":-0.24299833,"M22":0.97002673,"M23":1.3970306E-07,"M24":0,"M31":3.4108048E-08,"M32":-7.1197974E-08,"M33":1,"M34":0,"M41":0.16156578,"M42":0.014866084,"M43":3.055112E-08,"M44":1},"savedRigidBodyMatrix":{"M11":5.9604645E-07,"M12":0.99317104,"M13":-0.11666751,"M14":0,"M21":-1.1920929E-07,"M22":-0.11666751,"M23":-0.993171,"M24":0,"M31":-1,"M32":5.662441E-07,"M33":1.1920929E-07,"M34":0,"M41":8.578583E-08,"M42":1.2340871,"M43":0.032280132,"M44":1},"AngularLowerLimit":{"X":0,"Y":0,"Z":-10},"AngularUpperLimit":{"X":0,"Y":0,"Z":0}},{"Bone":"spine_01","Parrent":"pelvis","Position":{"X":0,"Y":-2.82,"Z":0},"Rotation":{"X":0,"Y":0,"Z":0},"Size":{"X":0.155,"Y":0.235,"Z":0.395},"ConstrainLocal1":{"M11":1,"M12":1.7881392E-07,"M13":-7.094245E-08,"M14":-0,"M21":-1.7881392E-07,"M22":1,"M23":4.706101E-09,"M24":0,"M31":1.5762216E-08,"M32":4.57484E-08,"M33":1,"M34":-0,"M41":-1.1920929E-07,"M42":-7.450602E-09,"M43":8.421937E-15,"M44":1},"ConstrainLocal2":{"M11":0.99221534,"M12":-0.12453429,"M13":3.6203975E-08,"M14":0,"M21":0.12453423,"M22":0.99221534,"M23":1.8865734E-08,"M24":0,"M31":2.1336707E-08,"M32":4.342933E-08,"M33":1,"M34":0,"M41":0.104577065,"M42":-0.036494657,"M43":2.2633287E-08,"M44":1},"savedRigidBodyMatrix":{"M11":4.7683716E-07,"M12":0.99175245,"M13":0.12816823,"M14":0,"M21":1.1920929E-07,"M22":0.12816823,"M23":-0.99175245,"M24":0,"M31":-1,"M32":5.364418E-07,"M33":0,"M34":0,"M41":3.752417E-08,"M42":1.0719485,"M43":0.026316004,"M44":1},"AngularLowerLimit":{"X":0,"Y":0,"Z":-10},"AngularUpperLimit":{"X":0,"Y":0,"Z":0}},{"Bone":"upperarm_r","Parrent":"spine_03","Position":{"X":-12.375,"Y":0,"Z":0},"Rotation":{"X":0,"Y":0,"Z":5.85},"Size":{"X":0.37,"Y":0.135,"Z":0.11},"ConstrainLocal1":{"M11":1,"M12":2.9802322E-08,"M13":-4.0512536E-08,"M14":-0,"M21":-7.4505806E-08,"M22":1,"M23":7.450584E-09,"M24":0,"M31":-7.450584E-09,"M32":3.166497E-08,"M33":1.0000001,"M34":-0,"M41":1.1920929E-07,"M42":1.4901165E-08,"M43":-4.7184483E-15,"M44":1},"ConstrainLocal2":{"M11":0.7141937,"M12":-0.2954005,"M13":-0.6345595,"M14":0,"M21":-0.27524555,"M22":-0.9520708,"M23":0.13342103,"M24":0,"M31":-0.6435582,"M32":0.07937111,"M33":-0.7612706,"M34":0,"M41":-0.014752507,"M42":0.072091416,"M43":0.256802,"M44":0.99999994},"savedRigidBodyMatrix":{"M11":0.6345597,"M12":0.75309104,"M13":0.17374656,"M14":0,"M21":-0.1334213,"M22":-0.11469054,"M23":0.98440075,"M24":0,"M31":0.7612705,"M32":-0.6478425,"M33":0.027700365,"M34":0,"M41":-0.25680184,"M42":1.4011481,"M43":-0.106077604,"M44":1},"AngularLowerLimit":{"X":-19.044,"Y":-11.993917,"Z":-16.027},"AngularUpperLimit":{"X":1.194,"Y":11.993917,"Z":32.977}},{"Bone":"lowerarm_r","Parrent":"upperarm_r","Position":{"X":-11.535,"Y":0,"Z":0},"Rotation":{"X":0,"Y":0,"Z":0},"Size":{"X":0.285,"Y":0.1,"Z":0.125},"ConstrainLocal1":{"M11":1,"M12":2.9802322E-08,"M13":1.3322674E-15,"M14":-0,"M21":-2.9802319E-08,"M22":1,"M23":4.4703476E-08,"M24":0,"M31":6.705522E-08,"M32":-5.9604634E-08,"M33":0.9999999,"M34":-0,"M41":8.881783E-15,"M42":-2.980233E-08,"M43":1.19209275E-07,"M44":1},"ConstrainLocal2":{"M11":0.79360324,"M12":-0.5810586,"M13":0.18045744,"M14":0,"M21":0.59876007,"M22":0.7985254,"M23":-0.06199684,"M24":0,"M31":-0.10807602,"M32":0.15725163,"M33":0.981627,"M34":0,"M41":-0.2702564,"M42":0.08533558,"M43":-0.020810723,"M44":1},"savedRigidBodyMatrix":{"M11":0.71849114,"M12":0.5473894,"M13":-0.42911005,"M14":0,"M21":0.2262123,"M22":0.39950174,"M23":0.8883841,"M24":0,"M31":0.65772223,"M32":-0.7353661,"M33":0.1632123,"M34":0,"M41":-0.45552385,"M42":1.2013154,"M43":-0.06960577,"M44":1},"AngularLowerLimit":{"X":0,"Y":0,"Z":-75.3},"AngularUpperLimit":{"X":0,"Y":0,"Z":30.3}},{"Bone":"head","Parrent":"spine_03","Position":{"X":6.24,"Y":-7.035,"Z":0},"Rotation":{"X":0,"Y":0,"Z":-2.4},"Size":{"X":0.325,"Y":0.2,"Z":0.2},"ConstrainLocal1":{"M11":1,"M12":-2.7939672E-08,"M13":-7.5442124E-08,"M14":-0,"M21":5.7742E-08,"M22":1,"M23":9.975362E-09,"M24":-0,"M31":2.2632317E-08,"M32":-7.513475E-08,"M33":1,"M34":-0,"M41":-1.1920929E-07,"M42":1.629818E-09,"M43":-1.941205E-14,"M44":1},"ConstrainLocal2":{"M11":0.9830654,"M12":-0.18325496,"M13":-1.23171E-07,"M14":0,"M21":0.18325508,"M22":0.9830654,"M23":-9.975366E-09,"M24":0,"M31":8.69036E-08,"M32":2.9755398E-08,"M33":0.99999994,"M34":0,"M41":0.27665544,"M42":-0.11363827,"M43":-6.9860675E-08,"M44":0.99999994},"savedRigidBodyMatrix":{"M11":2.3841858E-07,"M12":0.9998223,"M13":0.018851727,"M14":0,"M21":2.9802322E-07,"M22":0.018851697,"M23":-0.9998223,"M24":0,"M31":-1,"M32":2.9802322E-07,"M33":-3.5762787E-07,"M34":0,"M41":2.780231E-07,"M42":1.7191647,"M43":0.02912413,"M44":1},"AngularLowerLimit":{"X":-10,"Y":0,"Z":-17.95},"AngularUpperLimit":{"X":10,"Y":0,"Z":45}},{"Bone":"upperarm_l","Parrent":"spine_03","Position":{"X":16.77,"Y":-2.37,"Z":0},"Rotation":{"X":0,"Y":0,"Z":-3.45},"Size":{"X":0.4,"Y":0.145,"Z":0.12},"ConstrainLocal1":{"M11":0.9999999,"M12":-3.1664964E-08,"M13":1.0244548E-08,"M14":-0,"M21":5.308538E-08,"M22":1,"M23":-3.7252903E-09,"M24":0,"M31":-1.89757E-08,"M32":-2.4214389E-08,"M33":1.0000001,"M34":-0,"M41":-0,"M42":0,"M43":-0,"M44":1},"ConstrainLocal2":{"M11":-0.74929893,"M12":0.13766128,"M13":-0.6477656,"M14":0,"M21":0.15621091,"M22":0.98729426,"M23":0.029121041,"M24":0,"M31":0.6435442,"M32":-0.07936766,"M33":-0.7612829,"M34":0,"M41":-0.05197692,"M42":0.057582363,"M43":-0.2867544,"M44":0.99999994},"savedRigidBodyMatrix":{"M11":0.64776546,"M12":-0.76173925,"M13":-0.0123794675,"M14":0,"M21":-0.029120803,"M22":-0.00851953,"M23":-0.99953955,"M24":0,"M31":0.76128304,"M32":0.6478277,"M33":-0.02770114,"M34":0,"M41":0.2867546,"M42":1.3668212,"M43":-0.085636035,"M44":1},"AngularLowerLimit":{"X":-11.993917,"Y":-11.993917,"Z":-44.97719},"AngularUpperLimit":{"X":11.993917,"Y":11.993917,"Z":44.97719}},{"Bone":"lowerarm_l","Parrent":"upperarm_l","Position":{"X":15.435,"Y":0,"Z":0},"Rotation":{"X":0,"Y":0,"Z":-2.55},"Size":{"X":0.265,"Y":0.1,"Z":0.1},"ConstrainLocal1":{"M11":1,"M12":2.9802322E-08,"M13":5.9604645E-08,"M14":-0,"M21":-5.9604638E-08,"M22":0.9999999,"M23":-1.4901163E-08,"M24":0,"M31":-6.705523E-08,"M32":4.4703476E-08,"M33":1,"M34":-0,"M41":-2.980233E-08,"M42":4.4408913E-15,"M43":1.1920929E-07,"M44":1},"ConstrainLocal2":{"M11":0.85565317,"M12":-0.48409632,"M13":0.18305269,"M14":0,"M21":0.50041056,"M22":0.86410904,"M23":-0.05389651,"M24":0,"M31":-0.1320864,"M32":0.1377182,"M33":0.98162454,"M34":0,"M41":0.26940328,"M42":-0.036888998,"M43":0.027855515,"M44":0.99999994},"savedRigidBodyMatrix":{"M11":0.70771474,"M12":-0.5290738,"M13":0.4682102,"M14":0,"M21":0.25795472,"M22":-0.4234599,"M23":-0.86841303,"M24":0,"M31":0.6577227,"M32":0.7353657,"M33":-0.1632117,"M34":0,"M41":0.48354486,"M42":1.179966,"M43":-0.05287072,"M44":1},"AngularLowerLimit":{"X":0,"Y":0,"Z":-76.627},"AngularUpperLimit":{"X":0,"Y":0,"Z":34.5}},{"Bone":"hand_l","Parrent":"lowerarm_l","Position":{"X":7.59,"Y":0,"Z":0},"Rotation":{"X":0,"Y":0,"Z":0},"Size":{"X":0.17,"Y":0.065,"Z":0.085},"ConstrainLocal1":{"M11":1,"M12":-7.0780516E-08,"M13":2.9802322E-08,"M14":-0,"M21":-3.5390258E-08,"M22":1,"M23":-2.2351744E-08,"M24":0,"M31":-2.9802322E-08,"M32":7.450582E-09,"M33":1,"M34":-0,"M41":4.4703487E-08,"M42":-1.1920929E-07,"M43":5.5879394E-09,"M44":1},"ConstrainLocal2":{"M11":0.99835336,"M12":0.037260503,"M13":-0.0436145,"M14":0,"M21":-0.051151883,"M22":0.23414066,"M23":-0.9708562,"M24":0,"M31":-0.02596274,"M32":0.9714884,"M33":0.23566109,"M34":0,"M41":0.19106251,"M42":0.007962555,"M43":-0.0033105612,"M44":1},"savedRigidBodyMatrix":{"M11":0.6874746,"M12":-0.57605356,"M13":0.44220012,"M14":0,"M21":-0.6143574,"M22":-0.7860204,"M23":-0.06882554,"M24":0,"M31":0.3872255,"M32":-0.2243531,"M33":-0.89427185,"M34":0,"M41":0.6186392,"M42":1.0730735,"M43":0.030212214,"M44":1},"AngularLowerLimit":{"X":0,"Y":-10,"Z":-4.177},"AngularUpperLimit":{"X":0,"Y":10,"Z":36.727}},{"Bone":"pelvis","Parrent":"","Position":{"X":0,"Y":0,"Z":0},"Rotation":{"X":0,"Y":0,"Z":0},"Size":{"X":0.2,"Y":0.245,"Z":0.39},"ConstrainLocal1":{"M11":1,"M12":0,"M13":0,"M14":0,"M21":0,"M22":1,"M23":0,"M24":0,"M31":0,"M32":0,"M33":1,"M34":0,"M41":0,"M42":0,"M43":0,"M44":1},"ConstrainLocal2":{"M11":1,"M12":0,"M13":0,"M14":0,"M21":0,"M22":1,"M23":0,"M24":0,"M31":0,"M32":0,"M33":1,"M34":0,"M41":0,"M42":0,"M43":0,"M44":1},"savedRigidBodyMatrix":{"M11":5.9604645E-07,"M12":0.99999326,"M13":0.0036631227,"M14":0,"M21":5.9604645E-08,"M22":0.0036631823,"M23":-0.99999326,"M24":0,"M31":-0.99999994,"M32":5.364418E-07,"M33":0,"M34":0,"M41":-1.7420042E-14,"M42":0.9675059,"M43":-0.010561487,"M44":1},"AngularLowerLimit":{"X":-11.993917,"Y":-11.993917,"Z":-44.97719},"AngularUpperLimit":{"X":11.993917,"Y":11.993917,"Z":44.97719}},{"Bone":"thigh_l","Parrent":"pelvis","Position":{"X":-19.455,"Y":0,"Z":0},"Rotation":{"X":0,"Y":0,"Z":0},"Size":{"X":0.46,"Y":0.19,"Z":0.145},"ConstrainLocal1":{"M11":1,"M12":2.2351752E-08,"M13":1.2433155E-07,"M14":-0,"M21":-7.4505806E-08,"M22":1,"M23":-4.4703487E-08,"M24":0,"M31":-3.3993278E-08,"M32":8.940695E-08,"M33":0.9999999,"M34":-0,"M41":-5.9604645E-08,"M42":-2.328333E-10,"M43":-1.4901167E-08,"M44":1},"ConstrainLocal2":{"M11":0.9921302,"M12":-0.026248103,"M13":0.122428775,"M14":0,"M21":0.007928323,"M22":0.9889878,"M23":0.14778453,"M24":0,"M31":-0.12495956,"M32":-0.1456508,"M33":0.9814127,"M34":0,"M41":-0.2075069,"M42":-0.00020765886,"M43":-0.113876596,"M44":1},"savedRigidBodyMatrix":{"M11":-0.12242806,"M12":0.9920274,"M13":0.029882222,"M14":0,"M21":-0.1477845,"M22":0.011551261,"M23":-0.98895204,"M24":0,"M31":-0.98141277,"M32":-0.12549171,"M33":0.14519215,"M34":0,"M41":0.11387647,"M42":0.7599996,"M43":-0.011113953,"M44":1},"AngularLowerLimit":{"X":0,"Y":0,"Z":0},"AngularUpperLimit":{"X":0,"Y":0,"Z":100}},{"Bone":"calf_l","Parrent":"thigh_l","Position":{"X":-20.1,"Y":0.87,"Z":0},"Rotation":{"X":0,"Y":0,"Z":0},"Size":{"X":0.495,"Y":0.125,"Z":0.155},"ConstrainLocal1":{"M11":1,"M12":-4.4703473E-08,"M13":-1.1641533E-07,"M14":-0,"M21":8.940697E-08,"M22":1,"M23":2.9802314E-08,"M24":-0,"M31":5.215406E-08,"M32":-7.8231096E-08,"M33":1,"M34":-0,"M41":1.1102222E-16,"M42":-7.450582E-09,"M43":1.4901163E-08,"M44":1},"ConstrainLocal2":{"M11":0.990702,"M12":-0.13242662,"M13":-0.031188585,"M14":0,"M21":0.12873799,"M22":0.9866344,"M23":-0.09989595,"M24":0,"M31":0.0440007,"M32":0.09495205,"M33":0.99450904,"M34":0,"M41":-0.429182,"M42":0.03520126,"M43":0.0053997785,"M44":0.99999994},"savedRigidBodyMatrix":{"M11":-0.07111037,"M12":0.9851878,"M13":0.1560396,"M14":0,"M21":-0.06353122,"M22":0.15164453,"M23":-0.9863913,"M24":0,"M31":-0.9954432,"M32":-0.08005595,"M33":0.05180663,"M34":0,"M41":0.15591878,"M42":0.33396828,"M43":-0.057967216,"M44":1},"AngularLowerLimit":{"X":0,"Y":0,"Z":-110},"AngularUpperLimit":{"X":0,"Y":0,"Z":0}},{"Bone":"foot_l","Parrent":"calf_l","Position":{"X":-6.66,"Y":-5.25,"Z":0},"Rotation":{"X":0,"Y":0,"Z":0},"Size":{"X":0.075,"Y":0.29,"Z":0.105},"ConstrainLocal1":{"M11":0.9999999,"M12":5.7741993E-08,"M13":-5.1106326E-08,"M14":-0,"M21":-3.5390254E-08,"M22":0.99999994,"M23":-5.2154064E-08,"M24":0,"M31":4.3539327E-08,"M32":1.8626455E-08,"M33":1,"M34":-0,"M41":6.4878653E-16,"M42":2.775558E-16,"M43":1.4901161E-08,"M44":0.99999994},"ConstrainLocal2":{"M11":0.9880535,"M12":0.13990957,"M13":-0.06461887,"M14":0,"M21":-0.1406627,"M22":0.9900311,"M23":-0.007234417,"M24":0,"M31":0.06296246,"M32":0.016237397,"M33":0.9978838,"M34":0,"M41":-0.29926428,"M42":-0.07613275,"M43":0.007923767,"M44":1},"savedRigidBodyMatrix":{"M11":-0.014825106,"M12":0.99980795,"M13":0.01282227,"M14":0,"M21":-0.045693904,"M22":0.0121328235,"M23":-0.9988818,"M24":0,"M31":-0.99884546,"M32":-0.015394419,"M33":0.045505226,"M34":0,"M41":0.17414872,"M42":0.026957296,"M43":-0.029157098,"M44":1},"AngularLowerLimit":{"X":0,"Y":0,"Z":-10},"AngularUpperLimit":{"X":0,"Y":0,"Z":20}},{"Bone":"thigh_r","Parrent":"pelvis","Position":{"X":22.875,"Y":1.455,"Z":0},"Rotation":{"X":0,"Y":0,"Z":0},"Size":{"X":0.37,"Y":0.2,"Z":0.13},"ConstrainLocal1":{"M11":0.9999999,"M12":-2.0489093E-08,"M13":6.519258E-08,"M14":-0,"M21":-1.862645E-08,"M22":0.9999999,"M23":2.9802322E-08,"M24":0,"M31":-3.585592E-08,"M32":1.4901161E-08,"M33":1.0000001,"M34":-0,"M41":3.4694466E-17,"M42":-1.8626449E-09,"M43":-5.551115E-17,"M44":1},"ConstrainLocal2":{"M11":-0.99212945,"M12":0.026248796,"M13":0.122434445,"M14":0,"M21":-0.007928291,"M22":-0.9889879,"M23":0.14778338,"M24":0,"M31":0.12496539,"M32":0.14564958,"M33":0.9814122,"M34":0,"M41":-0.24155104,"M42":-0.013699603,"M43":0.12021515,"M44":1},"savedRigidBodyMatrix":{"M11":-0.12243497,"M12":-0.99202657,"M13":-0.029882878,"M14":0,"M21":-0.14778343,"M22":-0.0115510225,"M23":0.9889523,"M24":0,"M31":-0.98141205,"M32":0.12549856,"M33":-0.14519083,"M34":0,"M41":-0.1202153,"M42":0.7259064,"M43":0.0022531934,"M44":1},"AngularLowerLimit":{"X":0,"Y":0,"Z":0},"AngularUpperLimit":{"X":0,"Y":0,"Z":100}},{"Bone":"calf_r","Parrent":"thigh_r","Position":{"X":19.02,"Y":-1.155,"Z":0},"Rotation":{"X":0,"Y":0,"Z":0},"Size":{"X":0.525,"Y":0.13,"Z":0.11},"ConstrainLocal1":{"M11":1,"M12":-2.9802322E-08,"M13":2.7939677E-08,"M14":-0,"M21":4.4703484E-08,"M22":1,"M23":-2.235174E-08,"M24":0,"M31":-1.8626453E-08,"M32":-4.0978193E-08,"M33":1,"M34":-0,"M41":6.106227E-16,"M42":7.4505815E-09,"M43":-1.4901161E-08,"M44":1},"ConstrainLocal2":{"M11":0.99070174,"M12":-0.13242604,"M13":-0.031196846,"M14":0,"M21":0.12873656,"M22":0.9866342,"M23":-0.099898234,"M24":0,"M31":0.04400904,"M32":0.094953194,"M33":0.9945085,"M34":0,"M41":0.38391757,"M42":-0.05113332,"M43":-0.004782304,"M44":0.99999994},"savedRigidBodyMatrix":{"M11":-0.071109176,"M12":-0.985188,"M13":-0.15603855,"M14":0,"M21":-0.06352875,"M22":-0.15164375,"M23":0.98639154,"M24":0,"M31":-0.99544346,"M32":0.08005443,"M33":-0.051804423,"M34":0,"M41":-0.15497018,"M42":0.34504035,"M43":-0.05909344,"M44":1},"AngularLowerLimit":{"X":0,"Y":0,"Z":-110},"AngularUpperLimit":{"X":0,"Y":0,"Z":0}},{"Bone":"foot_r","Parrent":"calf_r","Position":{"X":5.73,"Y":4.32,"Z":0.03},"Rotation":{"X":8.25,"Y":0,"Z":-1.5},"Size":{"X":0.065,"Y":0.245,"Z":0.085},"ConstrainLocal1":{"M11":1,"M12":7.078054E-08,"M13":3.5855926E-08,"M14":-0,"M21":-5.2154068E-08,"M22":1.0000001,"M23":-5.9604666E-08,"M24":0,"M31":-5.4482385E-08,"M32":5.960466E-08,"M33":1.0000001,"M34":-0,"M41":-1.9428904E-16,"M42":3.7252907E-09,"M43":-2.2204468E-16,"M44":1},"ConstrainLocal2":{"M11":0.99112296,"M12":0.11415112,"M13":-0.068154044,"M14":0,"M21":-0.104262434,"M22":0.9854418,"M23":0.13428941,"M24":0,"M31":0.08249115,"M32":-0.12599146,"M33":0.9885957,"M34":0,"M41":0.30220413,"M42":0.06847912,"M43":-0.0069556236,"M44":1},"savedRigidBodyMatrix":{"M11":-0.009886265,"M12":-0.9992087,"M13":-0.038525075,"M14":0,"M21":-0.18886742,"M22":-0.03596759,"M23":0.9813436,"M24":0,"M31":-0.9819528,"M32":0.016977936,"M33":-0.18836236,"M34":0,"M41":-0.17388614,"M42":0.03637121,"M43":-0.03834138,"M44":1},"AngularLowerLimit":{"X":0,"Y":0,"Z":-10},"AngularUpperLimit":{"X":0,"Y":0,"Z":20}}]}